0	0
0.001	0
0.002	0
0.003	0
0.004	0
0.005	0
0.006	0
0.007	0
0.008	-6.47984E-029
0.009	-4.3195E-026
0.01	-6.39893E-024
0.011	-3.96852E-022
0.012	-1.35959E-020
0.013	-3.0014E-019
0.014	-4.70303E-018
0.015	-5.58565E-017
0.016	-5.27016E-016
0.017	-4.09107E-015
0.018	-2.68417E-014
0.019	-1.52043E-013
0.02	-7.56346E-013
0.021	-3.3508E-012
0.022	-1.33751E-011
0.023	-4.85751E-011
0.024	-1.61852E-010
0.025	-4.98338E-010
0.026	-1.42671E-009
0.027	-3.81878E-009
0.028	-9.60253E-009
0.029	-2.27816E-008
0.03	-5.1191E-008
0.031	-1.09327E-007
0.032	-2.2262E-007
0.033	-4.33471E-007
0.034	-8.09246E-007
0.035	-1.45211E-006
0.036	-2.51028E-006
0.037	-4.18978E-006
0.038	-6.76532E-006
0.039	-1.0589E-005
0.04	-1.60946E-005
0.041	-2.3797E-005
0.042	-3.42847E-005
0.043	-4.82067E-005
0.044	-6.62528E-005
0.045	-8.91311E-005
0.046	-0.000117543
0.047	-0.000152158
0.048	-0.000193598
0.049	-0.000242418
0.05	-0.000299103
0.051	-0.000364068
0.052	-0.000437667
0.053	-0.000520201
0.054	-0.000611936
0.055	-0.000713115
0.056	-0.00082397
0.057	-0.000944722
0.058	-0.00107558
0.059	-0.00121675
0.06	-0.00136839
0.061	-0.00153062
0.062	-0.00170352
0.063	-0.00188709
0.064	-0.00208124
0.065	-0.00228584
0.066	-0.00250066
0.067	-0.00272542
0.068	-0.00295979
0.069	-0.0032034
0.07	-0.00345585
0.071	-0.00371673
0.072	-0.00398563
0.073	-0.00426211
0.074	-0.00454577
0.075	-0.00483619
0.076	-0.00513299
0.077	-0.00543578
0.078	-0.0057442
0.079	-0.00605792
0.08	-0.00637667
0.081	-0.00670022
0.082	-0.00702837
0.083	-0.00736097
0.084	-0.00769791
0.085	-0.00803907
0.086	-0.00838426
0.087	-0.00873321
0.088	-0.00908546
0.089	-0.00944028
0.09	-0.00979662
0.091	-0.010153
0.092	-0.0105073
0.093	-0.010857
0.094	-0.0111989
0.095	-0.0115292
0.096	-0.0118431
0.097	-0.0121357
0.098	-0.0124012
0.099	-0.0126334
0.1	-0.0128255
0.101	-0.0129707
0.102	-0.0130617
0.103	-0.0130914
0.104	-0.0130524
0.105	-0.0129378
0.106	-0.0127406
0.107	-0.0124543
0.108	-0.012073
0.109	-0.0115911
0.11	-0.0110037
0.111	-0.0103067
0.112	-0.00949662
0.113	-0.00857095
0.114	-0.00752797
0.115	-0.00636686
0.116	-0.00508772
0.117	-0.00369148
0.118	-0.00217998
0.119	-0.000555867
0.12	0.00117746
0.121	0.0030159
0.122	0.0049547
0.123	0.00698856
0.124	0.00911161
0.125	0.0113177
0.126	0.0136001
0.127	0.015952
0.128	0.0183662
0.129	0.0208354
0.13	0.023352
0.131	0.0259085
0.132	0.0284974
0.133	0.031111
0.134	0.0337419
0.135	0.0363828
0.136	0.0390265
0.137	0.041666
0.138	0.044295
0.139	0.0469069
0.14	0.0494957
0.141	0.052056
0.142	0.0545823
0.143	0.0570697
0.144	0.0595134
0.145	0.0619092
0.146	0.0642527
0.147	0.06654
0.148	0.0687673
0.149	0.0709308
0.15	0.0730269
0.151	0.0750522
0.152	0.0770033
0.153	0.0788772
0.154	0.0806707
0.155	0.0823811
0.156	0.0840059
0.157	0.0855429
0.158	0.0869901
0.159	0.088346
0.16	0.0896093
0.161	0.0907794
0.162	0.0918556
0.163	0.092838
0.164	0.0937268
0.165	0.0945228
0.166	0.095227
0.167	0.095841
0.168	0.0963666
0.169	0.0968062
0.17	0.0971625
0.171	0.0974385
0.172	0.0976379
0.173	0.0977645
0.174	0.0978223
0.175	0.0978161
0.176	0.0977506
0.177	0.0976308
0.178	0.097462
0.179	0.0972497
0.18	0.0969997
0.181	0.0967175
0.182	0.0964092
0.183	0.0960805
0.184	0.0957374
0.185	0.0953855
0.186	0.0950306
0.187	0.094678
0.188	0.0943328
0.189	0.0939996
0.19	0.0936827
0.191	0.0933855
0.192	0.093111
0.193	0.0928611
0.194	0.0926371
0.195	0.0924394
0.196	0.0922674
0.197	0.0921195
0.198	0.0919935
0.199	0.091886
0.2	0.0917931
0.201	0.0917101
0.202	0.0916317
0.203	0.0915522
0.204	0.0914657
0.205	0.0913659
0.206	0.0912467
0.207	0.0911021
0.208	0.0909264
0.209	0.0907143
0.21	0.0904609
0.211	0.0901621
0.212	0.0898144
0.213	0.0894149
0.214	0.0889617
0.215	0.0884534
0.216	0.0878895
0.217	0.0872702
0.218	0.0865962
0.219	0.085869
0.22	0.0850906
0.221	0.0842635
0.222	0.0833905
0.223	0.082475
0.224	0.0815204
0.225	0.0805306
0.226	0.0795095
0.227	0.0784611
0.228	0.0773897
0.229	0.0762992
0.23	0.075194
0.231	0.0740782
0.232	0.0729558
0.233	0.0718307
0.234	0.0707069
0.235	0.0695879
0.236	0.0684774
0.237	0.0673788
0.238	0.0662951
0.239	0.0652295
0.24	0.0641847
0.241	0.0631631
0.242	0.0621672
0.243	0.0611991
0.244	0.0602606
0.245	0.0593534
0.246	0.0584789
0.247	0.0576383
0.248	0.0568328
0.249	0.056063
0.25	0.0553295
0.251	0.0546329
0.252	0.0539731
0.253	0.0533504
0.254	0.0527643
0.255	0.0522146
0.256	0.0517004
0.257	0.051221
0.258	0.0507751
0.259	0.0503613
0.26	0.049978
0.261	0.0496231
0.262	0.0492944
0.263	0.0489891
0.264	0.0487044
0.265	0.048437
0.266	0.048183
0.267	0.0479386
0.268	0.0476992
0.269	0.0474602
0.27	0.0472167
0.271	0.0469632
0.272	0.0466943
0.273	0.0464044
0.274	0.0460876
0.275	0.045738
0.276	0.0453499
0.277	0.0449174
0.278	0.0444349
0.279	0.043897
0.28	0.0432986
0.281	0.042635
0.282	0.0419017
0.283	0.0410949
0.284	0.0402112
0.285	0.0392479
0.286	0.0382026
0.287	0.0370738
0.288	0.0358604
0.289	0.0345618
0.29	0.0331785
0.291	0.0317109
0.292	0.0301605
0.293	0.028529
0.294	0.0268187
0.295	0.0250322
0.296	0.0231727
0.297	0.0212436
0.298	0.0192486
0.299	0.0171918
0.3	0.0150774
0.301	0.0129097
0.302	0.0106932
0.303	0.00843229
0.304	0.00613176
0.305	0.00379606
0.306	0.00142991
0.307	-0.000962169
0.308	-0.00337568
0.309	-0.00580626
0.31	-0.00824951
0.311	-0.0107011
0.312	-0.013157
0.313	-0.0156129
0.314	-0.0180649
0.315	-0.020509
0.316	-0.0229414
0.317	-0.0253582
0.318	-0.0277557
0.319	-0.0301301
0.32	-0.0324777
0.321	-0.034795
0.322	-0.0370782
0.323	-0.0393238
0.324	-0.0415281
0.325	-0.0436876
0.326	-0.0457986
0.327	-0.0478577
0.328	-0.0498613
0.329	-0.0518058
0.33	-0.0536879
0.331	-0.0555042
0.332	-0.0572515
0.333	-0.0589265
0.334	-0.0605263
0.335	-0.0620479
0.336	-0.0634888
0.337	-0.0648465
0.338	-0.0661187
0.339	-0.0673035
0.34	-0.0683994
0.341	-0.069405
0.342	-0.0703193
0.343	-0.0711417
0.344	-0.0718719
0.345	-0.0725099
0.346	-0.0730561
0.347	-0.0735115
0.348	-0.073877
0.349	-0.0741541
0.35	-0.0743446
0.351	-0.0744505
0.352	-0.0744741
0.353	-0.0744178
0.354	-0.0742843
0.355	-0.0740763
0.356	-0.0737966
0.357	-0.073448
0.358	-0.0730334
0.359	-0.0725555
0.36	-0.072017
0.361	-0.0714205
0.362	-0.0707683
0.363	-0.0700626
0.364	-0.0693055
0.365	-0.0684986
0.366	-0.0676436
0.367	-0.0667419
0.368	-0.0657946
0.369	-0.0648025
0.37	-0.0637665
0.371	-0.0626872
0.372	-0.0615649
0.373	-0.0604
0.374	-0.0591928
0.375	-0.0579434
0.376	-0.0566521
0.377	-0.0553189
0.378	-0.0539442
0.379	-0.0525283
0.38	-0.0510715
0.381	-0.0495742
0.382	-0.0480373
0.383	-0.0464614
0.384	-0.0448473
0.385	-0.0431961
0.386	-0.0415092
0.387	-0.0397877
0.388	-0.0380331
0.389	-0.036247
0.39	-0.0344311
0.391	-0.0325871
0.392	-0.030717
0.393	-0.0288224
0.394	-0.0269054
0.395	-0.0249679
0.396	-0.0230119
0.397	-0.0210391
0.398	-0.0190518
0.399	-0.0170515
0.4	-0.0150403
0.401	-0.0130198
0.402	-0.0109919
0.403	-0.00895822
0.404	-0.00692048
0.405	-0.0048804
0.406	-0.00283957
0.407	-0.000799506
0.408	0.00123816
0.409	0.00327193
0.41	0.00530008
0.411	0.00732121
0.412	0.00933352
0.413	0.0113355
0.414	0.0133254
0.415	0.0153016
0.416	0.0172624
0.417	0.0192059
0.418	0.0211303
0.419	0.0230336
0.42	0.024914
0.421	0.0267694
0.422	0.0285977
0.423	0.0303968
0.424	0.0321647
0.425	0.0338991
0.426	0.0355979
0.427	0.0372589
0.428	0.0388802
0.429	0.0404593
0.43	0.0419946
0.431	0.0434838
0.432	0.0449254
0.433	0.0463174
0.434	0.0476582
0.435	0.0489467
0.436	0.0501815
0.437	0.0513615
0.438	0.0524859
0.439	0.0535542
0.44	0.0545661
0.441	0.0555213
0.442	0.0564202
0.443	0.0572629
0.444	0.0580504
0.445	0.0587833
0.446	0.0594628
0.447	0.0600901
0.448	0.0606667
0.449	0.0611942
0.45	0.0616744
0.451	0.0621091
0.452	0.0625001
0.453	0.0628496
0.454	0.0631595
0.455	0.0634317
0.456	0.0636682
0.457	0.0638708
0.458	0.0640413
0.459	0.0641815
0.46	0.0642929
0.461	0.0643771
0.462	0.0644352
0.463	0.0644687
0.464	0.0644787
0.465	0.064466
0.466	0.0644316
0.467	0.0643762
0.468	0.0643007
0.469	0.0642056
0.47	0.0640916
0.471	0.0639591
0.472	0.0638088
0.473	0.0636411
0.474	0.0634565
0.475	0.0632557
0.476	0.0630391
0.477	0.0628073
0.478	0.062561
0.479	0.0623006
0.48	0.0620269
0.481	0.0617404
0.482	0.0614417
0.483	0.0611314
0.484	0.0608101
0.485	0.0604782
0.486	0.0601363
0.487	0.0597845
0.488	0.0594232
0.489	0.0590525
0.49	0.0586725
0.491	0.058283
0.492	0.0578838
0.493	0.0574746
0.494	0.0570549
0.495	0.056624
0.496	0.0561812
0.497	0.0557258
0.498	0.0552567
0.499	0.054773
0.5	0.0542737
0.501	0.0537576
0.502	0.0532236
0.503	0.0526707
0.504	0.0520978
0.505	0.0515039
0.506	0.0508881
0.507	0.0502494
0.508	0.0495873
0.509	0.0489011
0.51	0.0481905
0.511	0.047455
0.512	0.0466947
0.513	0.0459097
0.514	0.0451002
0.515	0.0442665
0.516	0.0434094
0.517	0.0425296
0.518	0.041628
0.519	0.0407056
0.52	0.0397637
0.521	0.0388035
0.522	0.0378265
0.523	0.0368341
0.524	0.0358279
0.525	0.0348094
0.526	0.0337802
0.527	0.0327419
0.528	0.0316958
0.529	0.0306437
0.53	0.029587
0.531	0.028527
0.532	0.027465
0.533	0.0264023
0.534	0.0253399
0.535	0.0242786
0.536	0.0232196
0.537	0.0221636
0.538	0.0211111
0.539	0.0200627
0.54	0.0190187
0.541	0.0179798
0.542	0.0169459
0.543	0.0159173
0.544	0.014894
0.545	0.0138761
0.546	0.0128636
0.547	0.0118563
0.548	0.0108543
0.549	0.00985722
0.55	0.00886524
0.551	0.00787818
0.552	0.00689599
0.553	0.00591864
0.554	0.00494603
0.555	0.00397836
0.556	0.00301561
0.557	0.00205801
0.558	0.00110568
0.559	0.000158851
0.56	-0.000782055
0.561	-0.00171685
0.562	-0.00264509
0.563	-0.00356644
0.564	-0.00448039
0.565	-0.0053864
0.566	-0.00628409
0.567	-0.00717288
0.568	-0.00805233
0.569	-0.00892179
0.57	-0.00978082
0.571	-0.0106289
0.572	-0.0114657
0.573	-0.0122905
0.574	-0.013103
0.575	-0.0139027
0.576	-0.0146891
0.577	-0.0154619
0.578	-0.0162207
0.579	-0.0169649
0.58	-0.0176942
0.581	-0.0184082
0.582	-0.0191064
0.583	-0.0197884
0.584	-0.0204536
0.585	-0.0211016
0.586	-0.0217317
0.587	-0.0223433
0.588	-0.0229358
0.589	-0.0235083
0.59	-0.0240602
0.591	-0.0245905
0.592	-0.0250983
0.593	-0.0255827
0.594	-0.0260426
0.595	-0.0264769
0.596	-0.0268845
0.597	-0.0272641
0.598	-0.0276147
0.599	-0.027935
0.6	-0.0282238
0.601	-0.0284798
0.602	-0.028702
0.603	-0.028889
0.604	-0.0290399
0.605	-0.0291536
0.606	-0.0292291
0.607	-0.0292656
0.608	-0.0292622
0.609	-0.0292183
0.61	-0.0291334
0.611	-0.029007
0.612	-0.0288388
0.613	-0.0286287
0.614	-0.0283768
0.615	-0.028083
0.616	-0.0277478
0.617	-0.0273714
0.618	-0.0269546
0.619	-0.0264978
0.62	-0.026002
0.621	-0.0254681
0.622	-0.024897
0.623	-0.02429
0.624	-0.0236482
0.625	-0.0229729
0.626	-0.0222654
0.627	-0.0215273
0.628	-0.0207598
0.629	-0.0199645
0.63	-0.019143
0.631	-0.0182967
0.632	-0.0174271
0.633	-0.0165359
0.634	-0.0156246
0.635	-0.0146945
0.636	-0.0137473
0.637	-0.0127843
0.638	-0.0118071
0.639	-0.0108172
0.64	-0.00981569
0.641	-0.00880405
0.642	-0.00778361
0.643	-0.00675565
0.644	-0.00572148
0.645	-0.00468217
0.646	-0.00363884
0.647	-0.00259275
0.648	-0.00154502
0.649	-0.000496552
0.65	0.000551654
0.651	0.00159863
0.652	0.00264346
0.653	0.00368529
0.654	0.00472344
0.655	0.0057572
0.656	0.00678598
0.657	0.00780898
0.658	0.00882583
0.659	0.00983607
0.66	0.0108394
0.661	0.0118353
0.662	0.0128238
0.663	0.0138046
0.664	0.0147775
0.665	0.0157426
0.666	0.0166997
0.667	0.0176489
0.668	0.0185904
0.669	0.019524
0.67	0.0204501
0.671	0.0213684
0.672	0.0222793
0.673	0.0231827
0.674	0.0240786
0.675	0.0249671
0.676	0.025848
0.677	0.0267213
0.678	0.0275867
0.679	0.028444
0.68	0.0292928
0.681	0.0301325
0.682	0.0309628
0.683	0.031783
0.684	0.0325924
0.685	0.0333903
0.686	0.0341757
0.687	0.0349478
0.688	0.0357056
0.689	0.0364481
0.69	0.0371742
0.691	0.0378827
0.692	0.0385725
0.693	0.0392425
0.694	0.0398916
0.695	0.0405185
0.696	0.0411222
0.697	0.0417017
0.698	0.0422558
0.699	0.0427836
0.7	0.0432842
0.701	0.0437567
0.702	0.0442004
0.703	0.0446145
0.704	0.0449984
0.705	0.0453518
0.706	0.0456741
0.707	0.0459651
0.708	0.0462244
0.709	0.0464521
0.71	0.046648
0.711	0.0468122
0.712	0.0469449
0.713	0.0470463
0.714	0.0471167
0.715	0.0471565
0.716	0.0471662
0.717	0.0471462
0.718	0.0470973
0.719	0.0470201
0.72	0.0469152
0.721	0.0467835
0.722	0.0466258
0.723	0.0464428
0.724	0.0462355
0.725	0.0460047
0.726	0.0457514
0.727	0.0454764
0.728	0.0451807
0.729	0.0448652
0.73	0.0445309
0.731	0.0441787
0.732	0.0438095
0.733	0.0434243
0.734	0.0430239
0.735	0.0426094
0.736	0.0421815
0.737	0.0417412
0.738	0.0412892
0.739	0.0408264
0.74	0.0403537
0.741	0.0398719
0.742	0.0393816
0.743	0.0388837
0.744	0.0383788
0.745	0.0378678
0.746	0.0373512
0.747	0.0368298
0.748	0.0363042
0.749	0.0357748
0.75	0.0352425
0.751	0.0347075
0.752	0.0341704
0.753	0.0336317
0.754	0.0330919
0.755	0.0325511
0.756	0.0320099
0.757	0.0314684
0.758	0.0309269
0.759	0.0303856
0.76	0.0298447
0.761	0.0293041
0.762	0.0287641
0.763	0.0282246
0.764	0.0276855
0.765	0.0271468
0.766	0.0266084
0.767	0.0260701
0.768	0.0255319
0.769	0.0249935
0.77	0.0244546
0.771	0.0239151
0.772	0.0233748
0.773	0.0228335
0.774	0.0222908
0.775	0.0217467
0.776	0.0212009
0.777	0.0206533
0.778	0.0201038
0.779	0.0195522
0.78	0.0189984
0.781	0.0184424
0.782	0.0178842
0.783	0.0173239
0.784	0.0167616
0.785	0.0161972
0.786	0.0156312
0.787	0.0150635
0.788	0.0144946
0.789	0.0139245
0.79	0.0133537
0.791	0.0127825
0.792	0.0122113
0.793	0.0116404
0.794	0.0110702
0.795	0.0105012
0.796	0.00993382
0.797	0.00936844
0.798	0.00880554
0.799	0.00824548
0.8	0.00768882
0.801	0.00713594
0.802	0.00658729
0.803	0.00604324
0.804	0.00550424
0.805	0.00497071
0.806	0.00444305
0.807	0.0039216
0.808	0.00340679
0.809	0.00289901
0.81	0.00239859
0.811	0.00190583
0.812	0.00142114
0.813	0.000944844
0.814	0.000477281
0.815	1.87558E-005
0.816	-0.000430393
0.817	-0.00086987
0.818	-0.00129935
0.819	-0.00171854
0.82	-0.00212715
0.821	-0.00252491
0.822	-0.00291159
0.823	-0.00328686
0.824	-0.00365053
0.825	-0.00400237
0.826	-0.00434216
0.827	-0.00466977
0.828	-0.00498498
0.829	-0.00528767
0.83	-0.00557771
0.831	-0.00585504
0.832	-0.00611963
0.833	-0.00637139
0.834	-0.00661038
0.835	-0.00683661
0.836	-0.00705017
0.837	-0.00725116
0.838	-0.00743968
0.839	-0.00761592
0.84	-0.00778004
0.841	-0.00793228
0.842	-0.00807283
0.843	-0.00820193
0.844	-0.00831986
0.845	-0.00842687
0.846	-0.00852322
0.847	-0.00860918
0.848	-0.008685
0.849	-0.00875092
0.85	-0.00880716
0.851	-0.00885392
0.852	-0.00889137
0.853	-0.00891967
0.854	-0.00893891
0.855	-0.00894918
0.856	-0.00895051
0.857	-0.00894289
0.858	-0.00892628
0.859	-0.00890059
0.86	-0.00886568
0.861	-0.0088214
0.862	-0.00876752
0.863	-0.00870381
0.864	-0.00862999
0.865	-0.00854576
0.866	-0.0084508
0.867	-0.00834474
0.868	-0.00822724
0.869	-0.00809794
0.87	-0.00795649
0.871	-0.00780251
0.872	-0.00763566
0.873	-0.0074556
0.874	-0.007262
0.875	-0.00705461
0.876	-0.00683315
0.877	-0.00659742
0.878	-0.00634717
0.879	-0.00608232
0.88	-0.00580276
0.881	-0.00550842
0.882	-0.00519923
0.883	-0.00487529
0.884	-0.00453666
0.885	-0.00418339
0.886	-0.00381568
0.887	-0.0034337
0.888	-0.00303768
0.889	-0.00262786
0.89	-0.00220456
0.891	-0.0017681
0.892	-0.00131877
0.893	-0.000856996
0.894	-0.000383175
0.895	0.000102272
0.896	0.000598963
0.897	0.00110638
0.898	0.00162404
0.899	0.00215144
0.9	0.00268807
0.901	0.00323342
0.902	0.00378685
0.903	0.00434785
0.904	0.00491581
0.905	0.00549012
0.906	0.0060702
0.907	0.00665525
0.908	0.00724473
0.909	0.00783793
0.91	0.00843413
0.911	0.00903263
0.912	0.00963276
0.913	0.0102337
0.914	0.0108349
0.915	0.0114355
0.916	0.0120347
0.917	0.012632
0.918	0.0132265
0.919	0.0138176
0.92	0.0144045
0.921	0.0149866
0.922	0.0155633
0.923	0.0161339
0.924	0.0166979
0.925	0.0172547
0.926	0.0178039
0.927	0.0183448
0.928	0.0188772
0.929	0.0194008
0.93	0.019915
0.931	0.0204195
0.932	0.0209143
0.933	0.0213991
0.934	0.0218736
0.935	0.0223379
0.936	0.0227917
0.937	0.0232352
0.938	0.0236682
0.939	0.0240908
0.94	0.0245031
0.941	0.0249051
0.942	0.025297
0.943	0.0256788
0.944	0.0260507
0.945	0.0264127
0.946	0.0267651
0.947	0.027108
0.948	0.0274413
0.949	0.0277654
0.95	0.0280802
0.951	0.0283857
0.952	0.0286822
0.953	0.0289696
0.954	0.0292478
0.955	0.0295168
0.956	0.0297767
0.957	0.0300273
0.958	0.0302685
0.959	0.0305001
0.96	0.0307221
0.961	0.0309342
0.962	0.0311362
0.963	0.0313279
0.964	0.0315091
0.965	0.0316795
0.966	0.0318389
0.967	0.0319869
0.968	0.0321234
0.969	0.0322481
0.97	0.0323607
0.971	0.032461
0.972	0.0325487
0.973	0.0326236
0.974	0.0326854
0.975	0.0327341
0.976	0.0327693
0.977	0.0327909
0.978	0.0327988
0.979	0.0327929
0.98	0.0327731
0.981	0.0327392
0.982	0.0326912
0.983	0.0326291
0.984	0.0325528
0.985	0.0324624
0.986	0.0323579
0.987	0.0322393
0.988	0.0321067
0.989	0.0319603
0.99	0.0318001
0.991	0.0316262
0.992	0.0314389
0.993	0.0312382
0.994	0.0310245
0.995	0.030798
0.996	0.0305589
0.997	0.0303075
0.998	0.0300441
0.999	0.029769
1	0.0294826
1.001	0.0291853
1.002	0.0288774
1.003	0.0285593
1.004	0.0282315
1.005	0.0278944
1.006	0.0275484
1.007	0.0271942
1.008	0.026832
1.009	0.0264626
1.01	0.0260863
1.011	0.0257037
1.012	0.0253154
1.013	0.0249217
1.014	0.0245233
1.015	0.0241207
1.016	0.0237146
1.017	0.0233053
1.018	0.0228934
1.019	0.0224794
1.02	0.022064
1.021	0.0216474
1.022	0.0212302
1.023	0.0208129
1.024	0.0203959
1.025	0.0199797
1.026	0.0195646
1.027	0.019151
1.028	0.0187392
1.029	0.0183296
1.03	0.0179225
1.031	0.017518
1.032	0.0171165
1.033	0.0167182
1.034	0.0163231
1.035	0.0159314
1.036	0.0155431
1.037	0.0151585
1.038	0.0147774
1.039	0.0143999
1.04	0.014026
1.041	0.0136556
1.042	0.0132887
1.043	0.0129252
1.044	0.012565
1.045	0.0122081
1.046	0.0118542
1.047	0.0115033
1.048	0.0111554
1.049	0.0108103
1.05	0.010468
1.051	0.0101284
1.052	0.00979136
1.053	0.00945698
1.054	0.0091252
1.055	0.00879607
1.056	0.00846959
1.057	0.00814583
1.058	0.00782492
1.059	0.00750693
1.06	0.00719205
1.061	0.00688031
1.062	0.00657199
1.063	0.00626727
1.064	0.00596634
1.065	0.00566937
1.066	0.00537669
1.067	0.0050884
1.068	0.00480488
1.069	0.00452621
1.07	0.00425266
1.071	0.00398449
1.072	0.00372191
1.073	0.00346513
1.074	0.0032143
1.075	0.00296963
1.076	0.00273134
1.077	0.00249954
1.078	0.00227444
1.079	0.00205617
1.08	0.0018449
1.081	0.0016408
1.082	0.00144396
1.083	0.00125458
1.084	0.00107275
1.085	0.00089862
1.086	0.000732366
1.087	0.000574085
1.088	0.000423946
1.089	0.000282118
1.09	0.000148714
1.091	2.39211E-005
1.092	-9.2133E-005
1.093	-0.000199277
1.094	-0.000297353
1.095	-0.000386234
1.096	-0.000465761
1.097	-0.000535818
1.098	-0.000596284
1.099	-0.00064704
1.1	-0.000688029
1.101	-0.000719162
1.102	-0.000740404
1.103	-0.000751736
1.104	-0.000753167
1.105	-0.000744736
1.106	-0.000726513
1.107	-0.00069859
1.108	-0.000661097
1.109	-0.000614197
1.11	-0.000558062
1.111	-0.000492914
1.112	-0.000418966
1.113	-0.000336478
1.114	-0.000245727
1.115	-0.000146975
1.116	-4.05304E-005
1.117	7.32905E-005
1.118	0.000194207
1.119	0.000321883
1.12	0.00045605
1.121	0.000596393
1.122	0.000742609
1.123	0.000894444
1.124	0.00105161
1.125	0.00121392
1.126	0.00138115
1.127	0.00155308
1.128	0.0017296
1.129	0.00191052
1.13	0.00209576
1.131	0.00228521
1.132	0.0024787
1.133	0.00267629
1.134	0.00287787
1.135	0.00308347
1.136	0.00329307
1.137	0.00350663
1.138	0.00372423
1.139	0.00394578
1.14	0.00417133
1.141	0.00440094
1.142	0.00463455
1.143	0.00487223
1.144	0.00511392
1.145	0.00535956
1.146	0.00560912
1.147	0.00586254
1.148	0.0061198
1.149	0.00638078
1.15	0.00664536
1.151	0.00691347
1.152	0.00718491
1.153	0.00745959
1.154	0.00773732
1.155	0.00801782
1.156	0.00830104
1.157	0.00858673
1.158	0.00887477
1.159	0.00916493
1.16	0.00945699
1.161	0.00975083
1.162	0.0100462
1.163	0.010343
1.164	0.010641
1.165	0.0109401
1.166	0.0112401
1.167	0.0115409
1.168	0.0118424
1.169	0.0121444
1.17	0.0124468
1.171	0.0127496
1.172	0.0130525
1.173	0.0133556
1.174	0.0136587
1.175	0.0139616
1.176	0.0142644
1.177	0.0145668
1.178	0.0148687
1.179	0.0151701
1.18	0.0154706
1.181	0.0157703
1.182	0.0160687
1.183	0.0163657
1.184	0.0166611
1.185	0.0169546
1.186	0.0172458
1.187	0.0175347
1.188	0.0178207
1.189	0.0181037
1.19	0.0183831
1.191	0.0186587
1.192	0.0189301
1.193	0.0191971
1.194	0.0194592
1.195	0.0197161
1.196	0.0199674
1.197	0.0202129
1.198	0.0204523
1.199	0.0206852
1.2	0.0209114
1.201	0.0211307
1.202	0.0213429
1.203	0.0215478
1.204	0.0217453
1.205	0.0219352
1.206	0.0221174
1.207	0.022292
1.208	0.0224587
1.209	0.0226178
1.21	0.0227691
1.211	0.0229126
1.212	0.0230485
1.213	0.0231767
1.214	0.0232973
1.215	0.0234105
1.216	0.0235162
1.217	0.0236145
1.218	0.0237054
1.219	0.0237892
1.22	0.0238657
1.221	0.0239351
1.222	0.0239974
1.223	0.0240526
1.224	0.0241007
1.225	0.0241418
1.226	0.0241759
1.227	0.0242029
1.228	0.0242229
1.229	0.0242359
1.23	0.0242418
1.231	0.0242406
1.232	0.0242323
1.233	0.024217
1.234	0.0241945
1.235	0.024165
1.236	0.0241285
1.237	0.024085
1.238	0.0240346
1.239	0.0239773
1.24	0.0239132
1.241	0.0238424
1.242	0.0237651
1.243	0.0236813
1.244	0.0235911
1.245	0.0234948
1.246	0.0233926
1.247	0.0232845
1.248	0.0231707
1.249	0.0230514
1.25	0.0229268
1.251	0.022797
1.252	0.0226622
1.253	0.0225225
1.254	0.0223782
1.255	0.0222292
1.256	0.0220758
1.257	0.0219179
1.258	0.0217558
1.259	0.0215895
1.26	0.021419
1.261	0.0212444
1.262	0.0210657
1.263	0.0208829
1.264	0.020696
1.265	0.020505
1.266	0.0203099
1.267	0.0201107
1.268	0.0199074
1.269	0.0196999
1.27	0.0194884
1.271	0.0192727
1.272	0.019053
1.273	0.0188292
1.274	0.0186014
1.275	0.0183698
1.276	0.0181343
1.277	0.0178952
1.278	0.0176526
1.279	0.0174065
1.28	0.0171574
1.281	0.0169053
1.282	0.0166505
1.283	0.0163933
1.284	0.0161339
1.285	0.0158728
1.286	0.01561
1.287	0.015346
1.288	0.0150811
1.289	0.0148155
1.29	0.0145497
1.291	0.0142839
1.292	0.0140185
1.293	0.0137538
1.294	0.01349
1.295	0.0132274
1.296	0.0129664
1.297	0.0127071
1.298	0.0124498
1.299	0.0121947
1.3	0.011942
1.301	0.0116918
1.302	0.0114444
1.303	0.0111999
1.304	0.0109584
1.305	0.01072
1.306	0.0104849
1.307	0.0102531
1.308	0.0100248
1.309	0.0098
1.31	0.00957884
1.311	0.0093613
1.312	0.00914757
1.313	0.00893769
1.314	0.00873175
1.315	0.00852985
1.316	0.0083321
1.317	0.00813853
1.318	0.00794928
1.319	0.0077644
1.32	0.00758405
1.321	0.00740831
1.322	0.00723726
1.323	0.00707103
1.324	0.0069097
1.325	0.00675335
1.326	0.00660209
1.327	0.006456
1.328	0.00631514
1.329	0.00617954
1.33	0.00604925
1.331	0.00592435
1.332	0.00580481
1.333	0.00569066
1.334	0.00558185
1.335	0.00547839
1.336	0.00538026
1.337	0.00528737
1.338	0.00519968
1.339	0.00511711
1.34	0.00503959
1.341	0.00496703
1.342	0.00489934
1.343	0.00483643
1.344	0.00477824
1.345	0.00472464
1.346	0.00467557
1.347	0.00463093
1.348	0.00459067
1.349	0.00455473
1.35	0.00452305
1.351	0.00449561
1.352	0.00447237
1.353	0.00445333
1.354	0.0044385
1.355	0.00442788
1.356	0.00442151
1.357	0.00441943
1.358	0.00442168
1.359	0.00442833
1.36	0.00443944
1.361	0.00445509
1.362	0.00447537
1.363	0.00450034
1.364	0.0045301
1.365	0.00456471
1.366	0.00460427
1.367	0.00464881
1.368	0.00469842
1.369	0.00475313
1.37	0.00481299
1.371	0.004878
1.372	0.00494817
1.373	0.00502352
1.374	0.00510397
1.375	0.00518953
1.376	0.00528014
1.377	0.0053757
1.378	0.00547614
1.379	0.00558133
1.38	0.00569118
1.381	0.00580554
1.382	0.00592427
1.383	0.00604723
1.384	0.00617426
1.385	0.00630521
1.386	0.00643991
1.387	0.00657818
1.388	0.00671989
1.389	0.00686485
1.39	0.00701288
1.391	0.00716387
1.392	0.00731762
1.393	0.00747403
1.394	0.00763293
1.395	0.00779418
1.396	0.00795769
1.397	0.0081233
1.398	0.00829093
1.399	0.00846046
1.4	0.00863176
1.401	0.00880477
1.402	0.00897936
1.403	0.00915546
1.404	0.00933296
1.405	0.0095117
1.406	0.00969166
1.407	0.00987267
1.408	0.0100547
1.409	0.0102376
1.41	0.0104211
1.411	0.0106054
1.412	0.0107901
1.413	0.0109751
1.414	0.0111604
1.415	0.0113457
1.416	0.0115309
1.417	0.0117159
1.418	0.0119004
1.419	0.0120845
1.42	0.0122678
1.421	0.0124503
1.422	0.0126317
1.423	0.012812
1.424	0.012991
1.425	0.0131687
1.426	0.0133447
1.427	0.0135192
1.428	0.0136919
1.429	0.0138629
1.43	0.0140319
1.431	0.014199
1.432	0.0143642
1.433	0.0145273
1.434	0.0146884
1.435	0.0148474
1.436	0.0150044
1.437	0.0151593
1.438	0.0153122
1.439	0.015463
1.44	0.0156118
1.441	0.0157585
1.442	0.0159032
1.443	0.0160459
1.444	0.0161865
1.445	0.0163252
1.446	0.0164617
1.447	0.0165962
1.448	0.0167286
1.449	0.0168589
1.45	0.0169869
1.451	0.0171126
1.452	0.017236
1.453	0.0173569
1.454	0.0174753
1.455	0.0175911
1.456	0.017704
1.457	0.0178141
1.458	0.0179212
1.459	0.0180251
1.46	0.0181259
1.461	0.0182232
1.462	0.018317
1.463	0.0184073
1.464	0.0184938
1.465	0.0185765
1.466	0.0186553
1.467	0.01873
1.468	0.0188007
1.469	0.0188672
1.47	0.0189294
1.471	0.0189874
1.472	0.0190411
1.473	0.0190905
1.474	0.0191354
1.475	0.019176
1.476	0.0192122
1.477	0.0192441
1.478	0.0192716
1.479	0.0192947
1.48	0.0193135
1.481	0.019328
1.482	0.0193381
1.483	0.0193441
1.484	0.0193457
1.485	0.0193432
1.486	0.0193364
1.487	0.0193254
1.488	0.0193103
1.489	0.019291
1.49	0.0192676
1.491	0.01924
1.492	0.0192083
1.493	0.0191725
1.494	0.0191326
1.495	0.0190886
1.496	0.0190406
1.497	0.0189885
1.498	0.0189324
1.499	0.0188722
1.5	0.0188081
1.501	0.0187401
1.502	0.0186683
1.503	0.0185926
1.504	0.0185132
1.505	0.0184301
1.506	0.0183434
1.507	0.0182532
1.508	0.0181596
1.509	0.0180627
1.51	0.0179626
1.511	0.0178594
1.512	0.0177534
1.513	0.0176444
1.514	0.0175329
1.515	0.0174187
1.516	0.0173022
1.517	0.0171834
1.518	0.0170624
1.519	0.0169394
1.52	0.0168145
1.521	0.0166879
1.522	0.0165595
1.523	0.0164296
1.524	0.0162983
1.525	0.0161656
1.526	0.0160317
1.527	0.0158965
1.528	0.0157602
1.529	0.0156229
1.53	0.0154846
1.531	0.0153454
1.532	0.0152053
1.533	0.0150643
1.534	0.0149226
1.535	0.0147801
1.536	0.014637
1.537	0.0144931
1.538	0.0143487
1.539	0.0142038
1.54	0.0140583
1.541	0.0139124
1.542	0.013766
1.543	0.0136194
1.544	0.0134725
1.545	0.0133254
1.546	0.0131781
1.547	0.0130309
1.548	0.0128837
1.549	0.0127366
1.55	0.0125897
1.551	0.0124432
1.552	0.0122971
1.553	0.0121515
1.554	0.0120065
1.555	0.0118623
1.556	0.0117189
1.557	0.0115764
1.558	0.0114349
1.559	0.0112946
1.56	0.0111556
1.561	0.0110178
1.562	0.0108815
1.563	0.0107467
1.564	0.0106134
1.565	0.0104818
1.566	0.0103521
1.567	0.0102241
1.568	0.0100981
1.569	0.00997403
1.57	0.00985204
1.571	0.0097322
1.572	0.00961455
1.573	0.00949917
1.574	0.0093861
1.575	0.00927543
1.576	0.00916723
1.577	0.00906153
1.578	0.00895845
1.579	0.008858
1.58	0.00876027
1.581	0.00866532
1.582	0.0085732
1.583	0.008484
1.584	0.00839775
1.585	0.00831453
1.586	0.00823442
1.587	0.00815744
1.588	0.00808369
1.589	0.00801321
1.59	0.00794606
1.591	0.00788229
1.592	0.00782195
1.593	0.00776508
1.594	0.00771174
1.595	0.00766195
1.596	0.00761574
1.597	0.00757315
1.598	0.00753419
1.599	0.00749888
1.6	0.00746724
1.601	0.00743927
1.602	0.00741496
1.603	0.00739431
1.604	0.00737732
1.605	0.00736396
1.606	0.00735421
1.607	0.00734804
1.608	0.00734541
1.609	0.00734628
1.61	0.0073506
1.611	0.00735832
1.612	0.0073694
1.613	0.00738377
1.614	0.00740137
1.615	0.00742214
1.616	0.00744603
1.617	0.00747297
1.618	0.00750289
1.619	0.00753572
1.62	0.0075714
1.621	0.00760987
1.622	0.00765105
1.623	0.00769488
1.624	0.00774128
1.625	0.00779022
1.626	0.00784161
1.627	0.00789541
1.628	0.00795155
1.629	0.00800999
1.63	0.00807067
1.631	0.00813355
1.632	0.00819856
1.633	0.00826567
1.634	0.00833484
1.635	0.00840604
1.636	0.00847922
1.637	0.00855434
1.638	0.00863139
1.639	0.0087103
1.64	0.00879105
1.641	0.0088736
1.642	0.00895791
1.643	0.00904396
1.644	0.0091317
1.645	0.00922107
1.646	0.00931206
1.647	0.0094046
1.648	0.00949867
1.649	0.00959421
1.65	0.00969116
1.651	0.00978949
1.652	0.00988913
1.653	0.00999004
1.654	0.0100921
1.655	0.0101954
1.656	0.0102997
1.657	0.0104051
1.658	0.0105114
1.659	0.0106186
1.66	0.0107266
1.661	0.0108354
1.662	0.0109448
1.663	0.0110549
1.664	0.0111655
1.665	0.0112766
1.666	0.0113881
1.667	0.0114999
1.668	0.011612
1.669	0.0117242
1.67	0.0118366
1.671	0.0119491
1.672	0.0120615
1.673	0.0121739
1.674	0.0122861
1.675	0.012398
1.676	0.0125097
1.677	0.0126209
1.678	0.0127318
1.679	0.0128421
1.68	0.0129518
1.681	0.0130608
1.682	0.0131691
1.683	0.0132766
1.684	0.0133832
1.685	0.0134887
1.686	0.0135932
1.687	0.0136966
1.688	0.0137988
1.689	0.0138997
1.69	0.0139992
1.691	0.0140972
1.692	0.0141937
1.693	0.0142886
1.694	0.0143818
1.695	0.0144733
1.696	0.0145629
1.697	0.0146507
1.698	0.0147365
1.699	0.0148203
1.7	0.014902
1.701	0.0149816
1.702	0.015059
1.703	0.0151342
1.704	0.0152071
1.705	0.0152778
1.706	0.0153461
1.707	0.0154121
1.708	0.0154758
1.709	0.015537
1.71	0.0155959
1.711	0.0156524
1.712	0.0157065
1.713	0.0157582
1.714	0.0158076
1.715	0.0158545
1.716	0.0158991
1.717	0.0159413
1.718	0.0159812
1.719	0.0160188
1.72	0.0160541
1.721	0.0160871
1.722	0.0161178
1.723	0.0161463
1.724	0.0161725
1.725	0.0161965
1.726	0.0162183
1.727	0.0162379
1.728	0.0162553
1.729	0.0162705
1.73	0.0162835
1.731	0.0162943
1.732	0.016303
1.733	0.0163095
1.734	0.0163138
1.735	0.016316
1.736	0.0163159
1.737	0.0163137
1.738	0.0163092
1.739	0.0163025
1.74	0.0162936
1.741	0.0162825
1.742	0.0162691
1.743	0.0162535
1.744	0.0162357
1.745	0.0162156
1.746	0.0161932
1.747	0.0161686
1.748	0.0161418
1.749	0.0161128
1.75	0.0160815
1.751	0.016048
1.752	0.0160123
1.753	0.0159745
1.754	0.0159345
1.755	0.0158924
1.756	0.0158483
1.757	0.015802
1.758	0.0157538
1.759	0.0157035
1.76	0.0156514
1.761	0.0155973
1.762	0.0155414
1.763	0.0154837
1.764	0.0154241
1.765	0.0153629
1.766	0.0153
1.767	0.0152354
1.768	0.0151692
1.769	0.0151015
1.77	0.0150322
1.771	0.0149615
1.772	0.0148894
1.773	0.0148158
1.774	0.014741
1.775	0.0146648
1.776	0.0145873
1.777	0.0145087
1.778	0.0144289
1.779	0.0143479
1.78	0.0142658
1.781	0.0141828
1.782	0.0140987
1.783	0.0140137
1.784	0.0139279
1.785	0.0138412
1.786	0.0137538
1.787	0.0136657
1.788	0.013577
1.789	0.0134878
1.79	0.0133981
1.791	0.013308
1.792	0.0132176
1.793	0.013127
1.794	0.0130363
1.795	0.0129455
1.796	0.0128547
1.797	0.012764
1.798	0.0126735
1.799	0.0125833
1.8	0.0124934
1.801	0.012404
1.802	0.012315
1.803	0.0122266
1.804	0.0121388
1.805	0.0120518
1.806	0.0119654
1.807	0.0118799
1.808	0.0117952
1.809	0.0117113
1.81	0.0116284
1.811	0.0115463
1.812	0.0114653
1.813	0.0113852
1.814	0.0113061
1.815	0.011228
1.816	0.011151
1.817	0.011075
1.818	0.0110001
1.819	0.0109262
1.82	0.0108534
1.821	0.0107817
1.822	0.0107111
1.823	0.0106416
1.824	0.0105733
1.825	0.0105062
1.826	0.0104402
1.827	0.0103755
1.828	0.010312
1.829	0.0102498
1.83	0.0101889
1.831	0.0101294
1.832	0.0100713
1.833	0.0100146
1.834	0.0099595
1.835	0.00990591
1.836	0.00985393
1.837	0.0098036
1.838	0.00975495
1.839	0.00970805
1.84	0.00966291
1.841	0.00961959
1.842	0.00957812
1.843	0.00953853
1.844	0.00950084
1.845	0.00946507
1.846	0.00943125
1.847	0.00939937
1.848	0.00936946
1.849	0.00934152
1.85	0.00931554
1.851	0.00929152
1.852	0.00926945
1.853	0.00924932
1.854	0.00923112
1.855	0.00921483
1.856	0.00920044
1.857	0.00918794
1.858	0.00917732
1.859	0.00916857
1.86	0.00916167
1.861	0.00915661
1.862	0.0091534
1.863	0.00915202
1.864	0.00915248
1.865	0.00915478
1.866	0.00915892
1.867	0.00916491
1.868	0.00917276
1.869	0.00918248
1.87	0.00919407
1.871	0.00920756
1.872	0.00922293
1.873	0.00924022
1.874	0.00925941
1.875	0.00928053
1.876	0.00930357
1.877	0.00932852
1.878	0.00935538
1.879	0.00938415
1.88	0.00941479
1.881	0.00944731
1.882	0.00948165
1.883	0.00951779
1.884	0.00955569
1.885	0.00959531
1.886	0.00963659
1.887	0.00967948
1.888	0.00972392
1.889	0.00976985
1.89	0.0098172
1.891	0.00986591
1.892	0.00991589
1.893	0.0099671
1.894	0.0100194
1.895	0.0100729
1.896	0.0101273
1.897	0.0101826
1.898	0.0102389
1.899	0.0102959
1.9	0.0103538
1.901	0.0104123
1.902	0.0104715
1.903	0.0105314
1.904	0.0105918
1.905	0.0106528
1.906	0.0107144
1.907	0.0107764
1.908	0.0108389
1.909	0.0109019
1.91	0.0109653
1.911	0.0110291
1.912	0.0110933
1.913	0.0111579
1.914	0.0112228
1.915	0.0112881
1.916	0.0113537
1.917	0.0114196
1.918	0.0114858
1.919	0.0115521
1.92	0.0116187
1.921	0.0116854
1.922	0.0117522
1.923	0.0118191
1.924	0.011886
1.925	0.0119529
1.926	0.0120197
1.927	0.0120863
1.928	0.0121527
1.929	0.0122189
1.93	0.0122848
1.931	0.0123502
1.932	0.0124152
1.933	0.0124798
1.934	0.0125437
1.935	0.0126071
1.936	0.0126698
1.937	0.0127319
1.938	0.0127932
1.939	0.0128537
1.94	0.0129134
1.941	0.0129723
1.942	0.0130304
1.943	0.0130876
1.944	0.013144
1.945	0.0131994
1.946	0.0132539
1.947	0.0133076
1.948	0.0133603
1.949	0.0134121
1.95	0.013463
1.951	0.0135129
1.952	0.0135619
1.953	0.01361
1.954	0.0136571
1.955	0.0137032
1.956	0.0137483
1.957	0.0137924
1.958	0.0138355
1.959	0.0138775
1.96	0.0139185
1.961	0.0139583
1.962	0.0139969
1.963	0.0140344
1.964	0.0140705
1.965	0.0141055
1.966	0.0141391
1.967	0.0141713
1.968	0.0142021
1.969	0.0142314
1.97	0.0142593
1.971	0.0142856
1.972	0.0143103
1.973	0.0143334
1.974	0.0143549
1.975	0.0143748
1.976	0.014393
1.977	0.0144095
1.978	0.0144243
1.979	0.0144374
1.98	0.0144488
1.981	0.0144586
1.982	0.0144667
1.983	0.0144731
1.984	0.0144779
1.985	0.0144811
1.986	0.0144827
1.987	0.0144827
1.988	0.0144813
1.989	0.0144783
1.99	0.0144738
1.991	0.014468
1.992	0.0144607
1.993	0.014452
1.994	0.014442
1.995	0.0144306
1.996	0.014418
1.997	0.014404
1.998	0.0143888
1.999	0.0143723
2	0.0143545
