0	0
0.001	0
0.002	0
0.003	0
0.004	0
0.005	0
0.006	0
0.007	0
0.008	0
0.009	0
0.01	0
0.011	-1.3507E-025
0.012	-6.60383E-023
0.013	-5.97211E-021
0.014	-2.38357E-019
0.015	-5.59215E-018
0.016	-8.91213E-017
0.017	-1.05226E-015
0.018	-9.7492E-015
0.019	-7.38202E-014
0.02	-4.70767E-013
0.021	-2.58743E-012
0.022	-1.24809E-011
0.023	-5.36146E-011
0.024	-2.07576E-010
0.025	-7.31575E-010
0.026	-2.36689E-009
0.027	-7.08031E-009
0.028	-1.97047E-008
0.029	-5.12949E-008
0.03	-1.25494E-007
0.031	-2.89763E-007
0.032	-6.33814E-007
0.033	-1.31779E-006
0.034	-2.61232E-006
0.035	-4.95125E-006
0.036	-8.99563E-006
0.037	-1.57039E-005
0.038	-2.64003E-005
0.039	-4.28288E-005
0.04	-6.71801E-005
0.041	-0.000102078
0.042	-0.000150514
0.043	-0.000215734
0.044	-0.000301069
0.045	-0.000409739
0.046	-0.000544642
0.047	-0.000708159
0.048	-0.000902
0.049	-0.0011271
0.05	-0.00138363
0.051	-0.00167102
0.052	-0.00198811
0.053	-0.00233332
0.054	-0.00270482
0.055	-0.00310072
0.056	-0.0035192
0.057	-0.00395856
0.058	-0.00441722
0.059	-0.00489367
0.06	-0.00538633
0.061	-0.00589347
0.062	-0.00641307
0.063	-0.00694279
0.064	-0.00747996
0.065	-0.00802165
0.066	-0.00856487
0.067	-0.0091067
0.068	-0.00964454
0.069	-0.0101763
0.07	-0.0107007
0.071	-0.011217
0.072	-0.0117255
0.073	-0.0122273
0.074	-0.0127242
0.075	-0.0132185
0.076	-0.0137133
0.077	-0.0142118
0.078	-0.0147176
0.079	-0.0152346
0.08	-0.015767
0.081	-0.016319
0.082	-0.0168949
0.083	-0.0174994
0.084	-0.0181366
0.085	-0.0188107
0.086	-0.0195247
0.087	-0.0202807
0.088	-0.021079
0.089	-0.0219175
0.09	-0.0227912
0.091	-0.0236916
0.092	-0.024606
0.093	-0.0255176
0.094	-0.0264049
0.095	-0.0272419
0.096	-0.0279987
0.097	-0.0286415
0.098	-0.0291337
0.099	-0.0294362
0.1	-0.0295087
0.101	-0.0293099
0.102	-0.0287989
0.103	-0.0279355
0.104	-0.0266811
0.105	-0.0249991
0.106	-0.0228559
0.107	-0.0202212
0.108	-0.0170686
0.109	-0.0133767
0.11	-0.00912926
0.111	-0.004316
0.112	0.00106682
0.113	0.00701608
0.114	0.0135216
0.115	0.0205661
0.116	0.0281253
0.117	0.0361686
0.118	0.0446594
0.119	0.0535562
0.12	0.0628133
0.121	0.0723817
0.122	0.0822103
0.123	0.0922464
0.124	0.102437
0.125	0.112728
0.126	0.123068
0.127	0.133404
0.128	0.143688
0.129	0.153869
0.13	0.163903
0.131	0.173746
0.132	0.183357
0.133	0.192697
0.134	0.201733
0.135	0.210432
0.136	0.218766
0.137	0.226709
0.138	0.234237
0.139	0.241331
0.14	0.247971
0.141	0.254142
0.142	0.259827
0.143	0.265013
0.144	0.269686
0.145	0.273835
0.146	0.277448
0.147	0.280513
0.148	0.28302
0.149	0.284961
0.15	0.286325
0.151	0.287107
0.152	0.287299
0.153	0.286897
0.154	0.285899
0.155	0.284305
0.156	0.282116
0.157	0.27934
0.158	0.275984
0.159	0.27206
0.16	0.267585
0.161	0.262574
0.162	0.25705
0.163	0.251036
0.164	0.244558
0.165	0.237643
0.166	0.230321
0.167	0.222623
0.168	0.214582
0.169	0.206233
0.17	0.197611
0.171	0.188755
0.172	0.179702
0.173	0.170495
0.174	0.161172
0.175	0.151777
0.176	0.142352
0.177	0.132938
0.178	0.123578
0.179	0.114313
0.18	0.105185
0.181	0.0962322
0.182	0.0874931
0.183	0.0790051
0.184	0.0708032
0.185	0.0629215
0.186	0.0553915
0.187	0.0482428
0.188	0.0415024
0.189	0.0351941
0.19	0.029339
0.191	0.0239535
0.192	0.0190506
0.193	0.0146381
0.194	0.0107191
0.195	0.00729126
0.196	0.00434685
0.197	0.00187289
0.198	-0.000149192
0.199	-0.00174298
0.2	-0.00293698
0.201	-0.00376399
0.202	-0.00426054
0.203	-0.00446613
0.204	-0.00442237
0.205	-0.00417206
0.206	-0.00375818
0.207	-0.00322283
0.208	-0.00260632
0.209	-0.00194612
0.21	-0.00127613
0.211	-0.000625879
0.212	-2.00824E-005
0.213	0.000521739
0.214	0.000985457
0.215	0.00136224
0.216	0.00164839
0.217	0.00184492
0.218	0.00195708
0.219	0.00199368
0.22	0.0019664
0.221	0.00188899
0.222	0.00177646
0.223	0.0016443
0.224	0.00150769
0.225	0.00138082
0.226	0.00127629
0.227	0.00120462
0.228	0.0011739
0.229	0.0011896
0.23	0.00125445
0.231	0.00136857
0.232	0.00152967
0.233	0.0017333
0.234	0.00197331
0.235	0.00224227
0.236	0.0025319
0.237	0.00283363
0.238	0.00313897
0.239	0.00343993
0.24	0.00372941
0.241	0.00400137
0.242	0.0042511
0.243	0.00447526
0.244	0.00467197
0.245	0.0048407
0.246	0.00498221
0.247	0.00509839
0.248	0.00519203
0.249	0.00526665
0.25	0.00532623
0.251	0.00537501
0.252	0.00541726
0.253	0.00545715
0.254	0.00549851
0.255	0.00554483
0.256	0.00559913
0.257	0.00566396
0.258	0.00574141
0.259	0.00583313
0.26	0.00594042
0.261	0.00606425
0.262	0.00620532
0.263	0.00636415
0.264	0.00654101
0.265	0.00673601
0.266	0.00694905
0.267	0.0071798
0.268	0.00742766
0.269	0.00769172
0.27	0.00797072
0.271	0.00826304
0.272	0.0085667
0.273	0.00887933
0.274	0.0091983
0.275	0.00952075
0.276	0.00984365
0.277	0.010164
0.278	0.0104789
0.279	0.0107857
0.28	0.011082
0.281	0.0113662
0.282	0.0116369
0.283	0.0118936
0.284	0.0121364
0.285	0.0123661
0.286	0.0125843
0.287	0.0127928
0.288	0.0129942
0.289	0.0131911
0.29	0.0133866
0.291	0.0135834
0.292	0.0137843
0.293	0.0139915
0.294	0.0142068
0.295	0.0144312
0.296	0.014665
0.297	0.0149077
0.298	0.015158
0.299	0.0154137
0.3	0.0156718
0.301	0.0159286
0.302	0.0161801
0.303	0.0164215
0.304	0.016648
0.305	0.0168547
0.306	0.0170366
0.307	0.017189
0.308	0.0173074
0.309	0.0173878
0.31	0.0174269
0.311	0.0174215
0.312	0.0173694
0.313	0.0172689
0.314	0.0171188
0.315	0.0169184
0.316	0.0166677
0.317	0.0163669
0.318	0.0160168
0.319	0.0156183
0.32	0.0151728
0.321	0.0146817
0.322	0.0141467
0.323	0.0135696
0.324	0.0129525
0.325	0.0122974
0.326	0.0116067
0.327	0.0108827
0.328	0.0101281
0.329	0.00934587
0.33	0.00853893
0.331	0.00771067
0.332	0.00686461
0.333	0.0060045
0.334	0.00513441
0.335	0.0042585
0.336	0.00338113
0.337	0.00250671
0.338	0.00163985
0.339	0.000785033
0.34	-5.3265E-005
0.341	-0.000870637
0.342	-0.0016629
0.343	-0.00242596
0.344	-0.00315604
0.345	-0.00384959
0.346	-0.00450337
0.347	-0.00511443
0.348	-0.00568005
0.349	-0.00619791
0.35	-0.00666591
0.351	-0.00708228
0.352	-0.00744542
0.353	-0.00775409
0.354	-0.0080072
0.355	-0.00820393
0.356	-0.00834364
0.357	-0.00842588
0.358	-0.00845043
0.359	-0.00841723
0.36	-0.00832639
0.361	-0.00817825
0.362	-0.00797328
0.363	-0.00771219
0.364	-0.00739585
0.365	-0.00702532
0.366	-0.00660193
0.367	-0.00612714
0.368	-0.00560268
0.369	-0.00503046
0.37	-0.0044126
0.371	-0.00375148
0.372	-0.00304959
0.373	-0.00230968
0.374	-0.00153457
0.375	-0.000727382
0.376	0.00010873
0.377	0.000970478
0.378	0.00185443
0.379	0.00275716
0.38	0.00367504
0.381	0.00460454
0.382	0.005542
0.383	0.00648381
0.384	0.00742639
0.385	0.00836605
0.386	0.0092993
0.387	0.0102227
0.388	0.0111328
0.389	0.0120263
0.39	0.0129002
0.391	0.0137513
0.392	0.014577
0.393	0.0153747
0.394	0.0161418
0.395	0.0168764
0.396	0.0175764
0.397	0.0182404
0.398	0.0188669
0.399	0.019455
0.4	0.0200037
0.401	0.0205128
0.402	0.0209819
0.403	0.0214111
0.404	0.0218007
0.405	0.0221515
0.406	0.0224641
0.407	0.0227397
0.408	0.0229796
0.409	0.0231852
0.41	0.0233581
0.411	0.0235001
0.412	0.0236131
0.413	0.023699
0.414	0.0237601
0.415	0.0237982
0.416	0.0238157
0.417	0.0238145
0.418	0.0237967
0.419	0.0237643
0.42	0.0237192
0.421	0.0236633
0.422	0.0235982
0.423	0.0235254
0.424	0.0234462
0.425	0.0233619
0.426	0.0232734
0.427	0.0231816
0.428	0.0230872
0.429	0.0229905
0.43	0.0228921
0.431	0.0227919
0.432	0.0226902
0.433	0.0225869
0.434	0.0224819
0.435	0.0223751
0.436	0.0222663
0.437	0.0221553
0.438	0.022042
0.439	0.0219265
0.44	0.0218085
0.441	0.0216883
0.442	0.0215661
0.443	0.0214419
0.444	0.0213163
0.445	0.0211896
0.446	0.0210622
0.447	0.0209347
0.448	0.0208077
0.449	0.0206817
0.45	0.0205572
0.451	0.0204347
0.452	0.0203147
0.453	0.0201975
0.454	0.0200834
0.455	0.0199726
0.456	0.0198653
0.457	0.0197614
0.458	0.0196608
0.459	0.0195635
0.46	0.019469
0.461	0.0193772
0.462	0.0192877
0.463	0.0192
0.464	0.0191137
0.465	0.0190285
0.466	0.018944
0.467	0.0188598
0.468	0.0187757
0.469	0.0186914
0.47	0.0186069
0.471	0.0185221
0.472	0.0184372
0.473	0.0183523
0.474	0.0182679
0.475	0.0181842
0.476	0.0181018
0.477	0.0180212
0.478	0.0179429
0.479	0.0178676
0.48	0.0177958
0.481	0.017728
0.482	0.0176646
0.483	0.0176059
0.484	0.0175522
0.485	0.0175036
0.486	0.0174601
0.487	0.0174213
0.488	0.0173872
0.489	0.0173572
0.49	0.0173307
0.491	0.0173071
0.492	0.0172858
0.493	0.0172658
0.494	0.0172463
0.495	0.0172265
0.496	0.0172055
0.497	0.0171824
0.498	0.0171566
0.499	0.0171271
0.5	0.0170936
0.501	0.0170553
0.502	0.0170119
0.503	0.0169633
0.504	0.0169091
0.505	0.0168496
0.506	0.0167848
0.507	0.016715
0.508	0.0166408
0.509	0.0165625
0.51	0.0164809
0.511	0.0163968
0.512	0.0163109
0.513	0.0162241
0.514	0.0161373
0.515	0.0160515
0.516	0.0159677
0.517	0.0158867
0.518	0.0158097
0.519	0.0157375
0.52	0.0156711
0.521	0.0156113
0.522	0.0155589
0.523	0.0155148
0.524	0.0154797
0.525	0.0154541
0.526	0.0154389
0.527	0.0154346
0.528	0.0154417
0.529	0.0154608
0.53	0.0154923
0.531	0.0155368
0.532	0.0155948
0.533	0.0156666
0.534	0.0157526
0.535	0.0158533
0.536	0.0159688
0.537	0.0160995
0.538	0.0162454
0.539	0.0164068
0.54	0.0165836
0.541	0.0167758
0.542	0.0169831
0.543	0.0172053
0.544	0.017442
0.545	0.0176928
0.546	0.0179569
0.547	0.0182339
0.548	0.0185228
0.549	0.0188229
0.55	0.019133
0.551	0.0194523
0.552	0.0197796
0.553	0.0201137
0.554	0.0204533
0.555	0.0207973
0.556	0.0211442
0.557	0.0214928
0.558	0.0218418
0.559	0.0221896
0.56	0.022535
0.561	0.0228767
0.562	0.0232134
0.563	0.0235437
0.564	0.0238664
0.565	0.0241804
0.566	0.0244844
0.567	0.0247774
0.568	0.0250583
0.569	0.0253261
0.57	0.0255798
0.571	0.0258187
0.572	0.0260419
0.573	0.0262486
0.574	0.0264381
0.575	0.0266098
0.576	0.0267632
0.577	0.0268978
0.578	0.027013
0.579	0.0271087
0.58	0.0271844
0.581	0.0272401
0.582	0.0272755
0.583	0.0272907
0.584	0.0272857
0.585	0.0272606
0.586	0.0272159
0.587	0.0271518
0.588	0.0270689
0.589	0.0269677
0.59	0.0268489
0.591	0.0267134
0.592	0.0265621
0.593	0.026396
0.594	0.0262161
0.595	0.0260237
0.596	0.02582
0.597	0.0256062
0.598	0.0253838
0.599	0.025154
0.6	0.0249183
0.601	0.024678
0.602	0.0244345
0.603	0.0241891
0.604	0.023943
0.605	0.0236975
0.606	0.0234538
0.607	0.0232128
0.608	0.0229756
0.609	0.0227429
0.61	0.0225157
0.611	0.0222946
0.612	0.02208
0.613	0.0218727
0.614	0.0216728
0.615	0.0214808
0.616	0.0212968
0.617	0.0211211
0.618	0.0209536
0.619	0.0207945
0.62	0.0206437
0.621	0.0205012
0.622	0.0203668
0.623	0.0202405
0.624	0.020122
0.625	0.0200114
0.626	0.0199084
0.627	0.0198128
0.628	0.0197246
0.629	0.0196434
0.63	0.0195692
0.631	0.0195016
0.632	0.0194406
0.633	0.0193859
0.634	0.0193373
0.635	0.0192945
0.636	0.0192573
0.637	0.0192253
0.638	0.0191983
0.639	0.0191758
0.64	0.0191576
0.641	0.0191431
0.642	0.0191321
0.643	0.019124
0.644	0.0191184
0.645	0.0191149
0.646	0.0191129
0.647	0.019112
0.648	0.0191117
0.649	0.0191116
0.65	0.0191112
0.651	0.0191102
0.652	0.0191083
0.653	0.0191052
0.654	0.0191005
0.655	0.0190942
0.656	0.019086
0.657	0.019076
0.658	0.0190641
0.659	0.0190504
0.66	0.0190349
0.661	0.0190178
0.662	0.0189993
0.663	0.0189796
0.664	0.0189589
0.665	0.0189376
0.666	0.0189159
0.667	0.0188941
0.668	0.0188725
0.669	0.0188514
0.67	0.0188309
0.671	0.0188114
0.672	0.018793
0.673	0.0187759
0.674	0.0187601
0.675	0.0187457
0.676	0.0187328
0.677	0.0187214
0.678	0.0187113
0.679	0.0187026
0.68	0.0186951
0.681	0.0186887
0.682	0.0186832
0.683	0.0186785
0.684	0.0186744
0.685	0.0186708
0.686	0.0186674
0.687	0.0186642
0.688	0.018661
0.689	0.0186576
0.69	0.018654
0.691	0.0186502
0.692	0.018646
0.693	0.0186414
0.694	0.0186366
0.695	0.0186314
0.696	0.018626
0.697	0.0186205
0.698	0.0186148
0.699	0.0186091
0.7	0.0186036
0.701	0.0185983
0.702	0.0185933
0.703	0.0185887
0.704	0.0185846
0.705	0.0185811
0.706	0.0185782
0.707	0.0185759
0.708	0.0185742
0.709	0.0185731
0.71	0.0185726
0.711	0.0185724
0.712	0.0185726
0.713	0.0185729
0.714	0.0185733
0.715	0.0185734
0.716	0.0185731
0.717	0.0185722
0.718	0.0185704
0.719	0.0185675
0.72	0.0185632
0.721	0.0185573
0.722	0.0185495
0.723	0.0185396
0.724	0.0185275
0.725	0.0185127
0.726	0.0184953
0.727	0.018475
0.728	0.0184517
0.729	0.0184252
0.73	0.0183955
0.731	0.0183624
0.732	0.0183261
0.733	0.0182864
0.734	0.0182433
0.735	0.018197
0.736	0.0181474
0.737	0.0180947
0.738	0.0180389
0.739	0.0179802
0.74	0.0179188
0.741	0.0178547
0.742	0.0177881
0.743	0.0177193
0.744	0.0176483
0.745	0.0175754
0.746	0.0175008
0.747	0.0174247
0.748	0.0173473
0.749	0.0172688
0.75	0.0171894
0.751	0.0171093
0.752	0.0170288
0.753	0.016948
0.754	0.0168671
0.755	0.0167865
0.756	0.0167061
0.757	0.0166264
0.758	0.0165475
0.759	0.0164696
0.76	0.0163929
0.761	0.0163176
0.762	0.0162439
0.763	0.0161721
0.764	0.0161023
0.765	0.0160347
0.766	0.0159696
0.767	0.0159071
0.768	0.0158474
0.769	0.0157908
0.77	0.0157373
0.771	0.0156874
0.772	0.015641
0.773	0.0155984
0.774	0.0155597
0.775	0.0155252
0.776	0.015495
0.777	0.0154693
0.778	0.0154483
0.779	0.015432
0.78	0.0154206
0.781	0.0154143
0.782	0.0154131
0.783	0.0154171
0.784	0.0154265
0.785	0.0154412
0.786	0.0154613
0.787	0.0154868
0.788	0.0155176
0.789	0.0155538
0.79	0.0155952
0.791	0.0156417
0.792	0.0156932
0.793	0.0157495
0.794	0.0158104
0.795	0.0158757
0.796	0.0159451
0.797	0.0160184
0.798	0.0160952
0.799	0.0161751
0.8	0.0162579
0.801	0.0163432
0.802	0.0164306
0.803	0.0165198
0.804	0.0166102
0.805	0.0167017
0.806	0.0167937
0.807	0.0168859
0.808	0.0169781
0.809	0.0170697
0.81	0.0171606
0.811	0.0172503
0.812	0.0173388
0.813	0.0174256
0.814	0.0175106
0.815	0.0175936
0.816	0.0176745
0.817	0.017753
0.818	0.0178292
0.819	0.0179029
0.82	0.017974
0.821	0.0180426
0.822	0.0181085
0.823	0.0181718
0.824	0.0182324
0.825	0.0182905
0.826	0.0183458
0.827	0.0183985
0.828	0.0184486
0.829	0.0184959
0.83	0.0185407
0.831	0.0185827
0.832	0.018622
0.833	0.0186586
0.834	0.0186923
0.835	0.0187233
0.836	0.0187514
0.837	0.0187766
0.838	0.0187989
0.839	0.0188183
0.84	0.0188346
0.841	0.0188479
0.842	0.0188582
0.843	0.0188654
0.844	0.0188696
0.845	0.0188709
0.846	0.0188693
0.847	0.0188648
0.848	0.0188576
0.849	0.0188479
0.85	0.0188356
0.851	0.0188211
0.852	0.0188044
0.853	0.0187858
0.854	0.0187654
0.855	0.0187436
0.856	0.0187204
0.857	0.0186961
0.858	0.018671
0.859	0.0186451
0.86	0.0186189
0.861	0.0185923
0.862	0.0185657
0.863	0.0185391
0.864	0.0185128
0.865	0.0184868
0.866	0.0184612
0.867	0.0184362
0.868	0.0184118
0.869	0.018388
0.87	0.0183648
0.871	0.0183423
0.872	0.0183203
0.873	0.0182989
0.874	0.0182781
0.875	0.0182576
0.876	0.0182375
0.877	0.0182178
0.878	0.0181982
0.879	0.0181787
0.88	0.0181593
0.881	0.0181399
0.882	0.0181204
0.883	0.0181008
0.884	0.0180811
0.885	0.0180613
0.886	0.0180413
0.887	0.0180212
0.888	0.0180011
0.889	0.0179809
0.89	0.0179609
0.891	0.0179409
0.892	0.0179212
0.893	0.0179018
0.894	0.0178829
0.895	0.0178645
0.896	0.0178467
0.897	0.0178296
0.898	0.0178133
0.899	0.0177979
0.9	0.0177834
0.901	0.0177699
0.902	0.0177574
0.903	0.0177459
0.904	0.0177353
0.905	0.0177258
0.906	0.0177171
0.907	0.0177092
0.908	0.0177021
0.909	0.0176957
0.91	0.0176898
0.911	0.0176844
0.912	0.0176794
0.913	0.0176745
0.914	0.0176698
0.915	0.0176651
0.916	0.0176603
0.917	0.0176553
0.918	0.01765
0.919	0.0176444
0.92	0.0176383
0.921	0.0176317
0.922	0.0176246
0.923	0.0176169
0.924	0.0176085
0.925	0.0175996
0.926	0.0175901
0.927	0.01758
0.928	0.0175693
0.929	0.0175581
0.93	0.0175465
0.931	0.0175343
0.932	0.0175219
0.933	0.017509
0.934	0.017496
0.935	0.0174827
0.936	0.0174693
0.937	0.0174559
0.938	0.0174426
0.939	0.0174293
0.94	0.0174162
0.941	0.0174034
0.942	0.0173909
0.943	0.0173788
0.944	0.0173672
0.945	0.0173561
0.946	0.0173455
0.947	0.0173356
0.948	0.0173264
0.949	0.0173179
0.95	0.0173102
0.951	0.0173032
0.952	0.0172969
0.953	0.0172914
0.954	0.0172866
0.955	0.0172825
0.956	0.0172791
0.957	0.0172763
0.958	0.017274
0.959	0.0172722
0.96	0.0172709
0.961	0.0172699
0.962	0.0172693
0.963	0.0172689
0.964	0.0172688
0.965	0.0172689
0.966	0.0172692
0.967	0.0172697
0.968	0.0172703
0.969	0.0172711
0.97	0.0172722
0.971	0.0172735
0.972	0.0172752
0.973	0.0172772
0.974	0.0172797
0.975	0.0172827
0.976	0.0172865
0.977	0.0172909
0.978	0.0172962
0.979	0.0173024
0.98	0.0173095
0.981	0.0173178
0.982	0.0173271
0.983	0.0173375
0.984	0.017349
0.985	0.0173617
0.986	0.0173753
0.987	0.01739
0.988	0.0174055
0.989	0.0174218
0.99	0.0174387
0.991	0.0174561
0.992	0.0174738
0.993	0.0174915
0.994	0.0175093
0.995	0.0175267
0.996	0.0175437
0.997	0.0175601
0.998	0.0175757
0.999	0.0175903
1	0.0176039
1.001	0.0176164
1.002	0.0176276
1.003	0.0176375
1.004	0.0176461
1.005	0.0176534
1.006	0.0176594
1.007	0.0176643
1.008	0.017668
1.009	0.0176708
1.01	0.0176726
1.011	0.0176737
1.012	0.0176743
1.013	0.0176743
1.014	0.0176741
1.015	0.0176737
1.016	0.0176734
1.017	0.0176731
1.018	0.0176731
1.019	0.0176733
1.02	0.017674
1.021	0.0176751
1.022	0.0176767
1.023	0.0176787
1.024	0.0176811
1.025	0.0176839
1.026	0.017687
1.027	0.0176903
1.028	0.0176937
1.029	0.017697
1.03	0.0177003
1.031	0.0177033
1.032	0.017706
1.033	0.0177081
1.034	0.0177096
1.035	0.0177105
1.036	0.0177105
1.037	0.0177097
1.038	0.017708
1.039	0.0177053
1.04	0.0177017
1.041	0.017697
1.042	0.0176915
1.043	0.017685
1.044	0.0176778
1.045	0.0176697
1.046	0.0176611
1.047	0.0176519
1.048	0.0176422
1.049	0.0176323
1.05	0.0176221
1.051	0.0176119
1.052	0.0176018
1.053	0.0175918
1.054	0.0175822
1.055	0.0175729
1.056	0.0175641
1.057	0.0175558
1.058	0.0175481
1.059	0.0175411
1.06	0.0175347
1.061	0.0175289
1.062	0.0175237
1.063	0.0175191
1.064	0.017515
1.065	0.0175114
1.066	0.0175081
1.067	0.017505
1.068	0.0175021
1.069	0.0174992
1.07	0.0174963
1.071	0.0174932
1.072	0.0174897
1.073	0.0174859
1.074	0.0174816
1.075	0.0174767
1.076	0.0174711
1.077	0.0174649
1.078	0.0174579
1.079	0.0174503
1.08	0.017442
1.081	0.017433
1.082	0.0174234
1.083	0.0174133
1.084	0.0174027
1.085	0.0173919
1.086	0.0173809
1.087	0.0173698
1.088	0.0173588
1.089	0.0173481
1.09	0.0173378
1.091	0.0173279
1.092	0.0173187
1.093	0.0173102
1.094	0.0173026
1.095	0.0172959
1.096	0.0172902
1.097	0.0172855
1.098	0.0172818
1.099	0.0172792
1.1	0.0172775
1.101	0.0172767
1.102	0.0172767
1.103	0.0172774
1.104	0.0172787
1.105	0.0172804
1.106	0.0172825
1.107	0.0172847
1.108	0.017287
1.109	0.0172891
1.11	0.0172909
1.111	0.0172924
1.112	0.0172933
1.113	0.0172935
1.114	0.0172931
1.115	0.0172919
1.116	0.01729
1.117	0.0172872
1.118	0.0172835
1.119	0.0172791
1.12	0.017274
1.121	0.0172681
1.122	0.0172617
1.123	0.0172549
1.124	0.0172476
1.125	0.0172401
1.126	0.0172325
1.127	0.0172248
1.128	0.0172173
1.129	0.0172099
1.13	0.0172029
1.131	0.0171963
1.132	0.0171902
1.133	0.0171846
1.134	0.0171795
1.135	0.017175
1.136	0.017171
1.137	0.0171675
1.138	0.0171645
1.139	0.0171619
1.14	0.0171596
1.141	0.0171575
1.142	0.0171556
1.143	0.0171538
1.144	0.0171519
1.145	0.0171498
1.146	0.0171475
1.147	0.0171448
1.148	0.0171416
1.149	0.017138
1.15	0.0171337
1.151	0.0171288
1.152	0.0171233
1.153	0.0171171
1.154	0.0171102
1.155	0.0171027
1.156	0.0170947
1.157	0.017086
1.158	0.0170769
1.159	0.0170674
1.16	0.0170577
1.161	0.0170477
1.162	0.0170376
1.163	0.0170275
1.164	0.0170176
1.165	0.0170079
1.166	0.0169984
1.167	0.0169893
1.168	0.0169807
1.169	0.0169726
1.17	0.0169651
1.171	0.0169582
1.172	0.016952
1.173	0.0169464
1.174	0.0169414
1.175	0.0169371
1.176	0.0169334
1.177	0.0169303
1.178	0.0169276
1.179	0.0169255
1.18	0.0169237
1.181	0.0169223
1.182	0.0169211
1.183	0.0169201
1.184	0.0169192
1.185	0.0169183
1.186	0.0169174
1.187	0.0169164
1.188	0.0169153
1.189	0.016914
1.19	0.0169125
1.191	0.0169108
1.192	0.0169088
1.193	0.0169065
1.194	0.016904
1.195	0.0169013
1.196	0.0168983
1.197	0.0168952
1.198	0.0168919
1.199	0.0168886
1.2	0.0168853
1.201	0.0168819
1.202	0.0168787
1.203	0.0168756
1.204	0.0168728
1.205	0.0168702
1.206	0.0168679
1.207	0.0168659
1.208	0.0168644
1.209	0.0168632
1.21	0.0168625
1.211	0.0168622
1.212	0.0168623
1.213	0.0168629
1.214	0.0168639
1.215	0.0168653
1.216	0.0168671
1.217	0.0168692
1.218	0.0168716
1.219	0.0168743
1.22	0.0168771
1.221	0.0168801
1.222	0.0168832
1.223	0.0168863
1.224	0.0168893
1.225	0.0168922
1.226	0.016895
1.227	0.0168975
1.228	0.0168999
1.229	0.0169019
1.23	0.0169036
1.231	0.0169049
1.232	0.0169059
1.233	0.0169065
1.234	0.0169068
1.235	0.0169067
1.236	0.0169062
1.237	0.0169054
1.238	0.0169043
1.239	0.0169029
1.24	0.0169012
1.241	0.0168994
1.242	0.0168974
1.243	0.0168954
1.244	0.0168932
1.245	0.0168911
1.246	0.016889
1.247	0.016887
1.248	0.0168851
1.249	0.0168833
1.25	0.0168818
1.251	0.0168805
1.252	0.0168794
1.253	0.0168785
1.254	0.0168779
1.255	0.0168776
1.256	0.0168774
1.257	0.0168775
1.258	0.0168777
1.259	0.0168781
1.26	0.0168786
1.261	0.0168792
1.262	0.0168798
1.263	0.0168804
1.264	0.016881
1.265	0.0168814
1.266	0.0168817
1.267	0.0168817
1.268	0.0168816
1.269	0.0168811
1.27	0.0168804
1.271	0.0168793
1.272	0.0168779
1.273	0.0168761
1.274	0.016874
1.275	0.0168715
1.276	0.0168686
1.277	0.0168655
1.278	0.016862
1.279	0.0168583
1.28	0.0168543
1.281	0.0168502
1.282	0.0168459
1.283	0.0168416
1.284	0.0168372
1.285	0.0168328
1.286	0.0168286
1.287	0.0168244
1.288	0.0168204
1.289	0.0168166
1.29	0.016813
1.291	0.0168097
1.292	0.0168067
1.293	0.016804
1.294	0.0168016
1.295	0.0167996
1.296	0.0167978
1.297	0.0167964
1.298	0.0167952
1.299	0.0167942
1.3	0.0167935
1.301	0.0167929
1.302	0.0167924
1.303	0.0167919
1.304	0.0167915
1.305	0.016791
1.306	0.0167903
1.307	0.0167895
1.308	0.0167885
1.309	0.0167873
1.31	0.0167857
1.311	0.0167838
1.312	0.0167815
1.313	0.0167789
1.314	0.0167759
1.315	0.0167725
1.316	0.0167688
1.317	0.0167647
1.318	0.0167603
1.319	0.0167556
1.32	0.0167507
1.321	0.0167457
1.322	0.0167405
1.323	0.0167353
1.324	0.01673
1.325	0.0167249
1.326	0.0167198
1.327	0.016715
1.328	0.0167104
1.329	0.0167061
1.33	0.0167022
1.331	0.0166986
1.332	0.0166954
1.333	0.0166926
1.334	0.0166903
1.335	0.0166883
1.336	0.0166867
1.337	0.0166854
1.338	0.0166845
1.339	0.0166838
1.34	0.0166833
1.341	0.016683
1.342	0.0166827
1.343	0.0166824
1.344	0.0166821
1.345	0.0166817
1.346	0.016681
1.347	0.0166801
1.348	0.0166789
1.349	0.0166773
1.35	0.0166753
1.351	0.016673
1.352	0.0166701
1.353	0.0166669
1.354	0.0166632
1.355	0.0166591
1.356	0.0166547
1.357	0.0166499
1.358	0.0166448
1.359	0.0166395
1.36	0.016634
1.361	0.0166285
1.362	0.0166229
1.363	0.0166174
1.364	0.016612
1.365	0.0166068
1.366	0.0166019
1.367	0.0165973
1.368	0.0165931
1.369	0.0165893
1.37	0.0165859
1.371	0.016583
1.372	0.0165806
1.373	0.0165787
1.374	0.0165772
1.375	0.0165761
1.376	0.0165754
1.377	0.016575
1.378	0.0165748
1.379	0.0165749
1.38	0.0165751
1.381	0.0165753
1.382	0.0165755
1.383	0.0165756
1.384	0.0165756
1.385	0.0165753
1.386	0.0165746
1.387	0.0165737
1.388	0.0165723
1.389	0.0165706
1.39	0.0165684
1.391	0.0165658
1.392	0.0165627
1.393	0.0165592
1.394	0.0165554
1.395	0.0165513
1.396	0.0165469
1.397	0.0165423
1.398	0.0165376
1.399	0.0165329
1.4	0.0165281
1.401	0.0165235
1.402	0.016519
1.403	0.0165148
1.404	0.0165109
1.405	0.0165074
1.406	0.0165042
1.407	0.0165015
1.408	0.0164993
1.409	0.0164975
1.41	0.0164962
1.411	0.0164953
1.412	0.0164949
1.413	0.0164948
1.414	0.0164951
1.415	0.0164957
1.416	0.0164964
1.417	0.0164974
1.418	0.0164984
1.419	0.0164994
1.42	0.0165003
1.421	0.0165011
1.422	0.0165017
1.423	0.016502
1.424	0.016502
1.425	0.0165017
1.426	0.016501
1.427	0.0164998
1.428	0.0164982
1.429	0.0164962
1.43	0.0164938
1.431	0.0164911
1.432	0.0164879
1.433	0.0164845
1.434	0.0164808
1.435	0.0164769
1.436	0.0164728
1.437	0.0164687
1.438	0.0164645
1.439	0.0164604
1.44	0.0164564
1.441	0.0164525
1.442	0.0164488
1.443	0.0164454
1.444	0.0164423
1.445	0.0164395
1.446	0.016437
1.447	0.0164349
1.448	0.016433
1.449	0.0164316
1.45	0.0164304
1.451	0.0164295
1.452	0.0164288
1.453	0.0164284
1.454	0.0164281
1.455	0.0164279
1.456	0.0164277
1.457	0.0164275
1.458	0.0164273
1.459	0.0164269
1.46	0.0164264
1.461	0.0164256
1.462	0.0164246
1.463	0.0164233
1.464	0.0164217
1.465	0.0164198
1.466	0.0164175
1.467	0.0164149
1.468	0.016412
1.469	0.0164087
1.47	0.0164052
1.471	0.0164014
1.472	0.0163974
1.473	0.0163932
1.474	0.0163889
1.475	0.0163845
1.476	0.0163801
1.477	0.0163757
1.478	0.0163713
1.479	0.0163671
1.48	0.016363
1.481	0.0163591
1.482	0.0163555
1.483	0.016352
1.484	0.0163489
1.485	0.016346
1.486	0.0163435
1.487	0.0163412
1.488	0.0163392
1.489	0.0163374
1.49	0.0163359
1.491	0.0163347
1.492	0.0163336
1.493	0.0163326
1.494	0.0163318
1.495	0.0163311
1.496	0.0163304
1.497	0.0163296
1.498	0.0163289
1.499	0.016328
1.5	0.0163271
1.501	0.0163259
1.502	0.0163247
1.503	0.0163232
1.504	0.0163215
1.505	0.0163196
1.506	0.0163175
1.507	0.0163151
1.508	0.0163126
1.509	0.0163099
1.51	0.016307
1.511	0.0163039
1.512	0.0163007
1.513	0.0162974
1.514	0.016294
1.515	0.0162906
1.516	0.0162872
1.517	0.0162839
1.518	0.0162806
1.519	0.0162774
1.52	0.0162744
1.521	0.0162714
1.522	0.0162687
1.523	0.0162661
1.524	0.0162638
1.525	0.0162616
1.526	0.0162597
1.527	0.016258
1.528	0.0162565
1.529	0.0162551
1.53	0.016254
1.531	0.0162529
1.532	0.016252
1.533	0.0162512
1.534	0.0162505
1.535	0.0162498
1.536	0.0162491
1.537	0.0162484
1.538	0.0162476
1.539	0.0162468
1.54	0.0162458
1.541	0.0162447
1.542	0.0162434
1.543	0.016242
1.544	0.0162404
1.545	0.0162385
1.546	0.0162365
1.547	0.0162343
1.548	0.0162318
1.549	0.0162291
1.55	0.0162263
1.551	0.0162233
1.552	0.0162201
1.553	0.0162168
1.554	0.0162134
1.555	0.01621
1.556	0.0162065
1.557	0.016203
1.558	0.0161995
1.559	0.016196
1.56	0.0161927
1.561	0.0161894
1.562	0.0161862
1.563	0.0161831
1.564	0.0161802
1.565	0.0161775
1.566	0.0161749
1.567	0.0161725
1.568	0.0161703
1.569	0.0161682
1.57	0.0161663
1.571	0.0161646
1.572	0.0161629
1.573	0.0161614
1.574	0.01616
1.575	0.0161586
1.576	0.0161572
1.577	0.0161559
1.578	0.0161545
1.579	0.0161531
1.58	0.0161516
1.581	0.0161501
1.582	0.0161484
1.583	0.0161466
1.584	0.0161446
1.585	0.0161425
1.586	0.0161402
1.587	0.0161378
1.588	0.0161351
1.589	0.0161323
1.59	0.0161294
1.591	0.0161262
1.592	0.016123
1.593	0.0161196
1.594	0.0161161
1.595	0.0161125
1.596	0.0161089
1.597	0.0161053
1.598	0.0161017
1.599	0.0160982
1.6	0.0160947
1.601	0.0160913
1.602	0.016088
1.603	0.0160848
1.604	0.0160818
1.605	0.016079
1.606	0.0160763
1.607	0.0160738
1.608	0.0160716
1.609	0.0160695
1.61	0.0160676
1.611	0.0160659
1.612	0.0160644
1.613	0.016063
1.614	0.0160617
1.615	0.0160605
1.616	0.0160594
1.617	0.0160584
1.618	0.0160573
1.619	0.0160563
1.62	0.0160552
1.621	0.016054
1.622	0.0160528
1.623	0.0160514
1.624	0.0160499
1.625	0.0160482
1.626	0.0160463
1.627	0.0160443
1.628	0.0160421
1.629	0.0160396
1.63	0.0160371
1.631	0.0160343
1.632	0.0160314
1.633	0.0160283
1.634	0.0160251
1.635	0.0160218
1.636	0.0160185
1.637	0.0160151
1.638	0.0160117
1.639	0.0160083
1.64	0.0160049
1.641	0.0160017
1.642	0.0159986
1.643	0.0159956
1.644	0.0159928
1.645	0.0159901
1.646	0.0159877
1.647	0.0159854
1.648	0.0159834
1.649	0.0159816
1.65	0.01598
1.651	0.0159787
1.652	0.0159774
1.653	0.0159764
1.654	0.0159755
1.655	0.0159747
1.656	0.015974
1.657	0.0159733
1.658	0.0159727
1.659	0.015972
1.66	0.0159712
1.661	0.0159704
1.662	0.0159694
1.663	0.0159683
1.664	0.015967
1.665	0.0159655
1.666	0.0159638
1.667	0.0159619
1.668	0.0159597
1.669	0.0159574
1.67	0.0159547
1.671	0.0159519
1.672	0.0159489
1.673	0.0159457
1.674	0.0159424
1.675	0.0159389
1.676	0.0159353
1.677	0.0159317
1.678	0.0159281
1.679	0.0159246
1.68	0.015921
1.681	0.0159176
1.682	0.0159144
1.683	0.0159113
1.684	0.0159083
1.685	0.0159056
1.686	0.0159032
1.687	0.015901
1.688	0.015899
1.689	0.0158973
1.69	0.0158958
1.691	0.0158946
1.692	0.0158936
1.693	0.0158927
1.694	0.0158921
1.695	0.0158915
1.696	0.0158911
1.697	0.0158906
1.698	0.0158902
1.699	0.0158898
1.7	0.0158892
1.701	0.0158886
1.702	0.0158877
1.703	0.0158867
1.704	0.0158855
1.705	0.015884
1.706	0.0158823
1.707	0.0158802
1.708	0.0158779
1.709	0.0158753
1.71	0.0158725
1.711	0.0158694
1.712	0.0158661
1.713	0.0158625
1.714	0.0158588
1.715	0.015855
1.716	0.0158511
1.717	0.0158472
1.718	0.0158433
1.719	0.0158394
1.72	0.0158356
1.721	0.015832
1.722	0.0158286
1.723	0.0158255
1.724	0.0158226
1.725	0.01582
1.726	0.0158177
1.727	0.0158158
1.728	0.0158141
1.729	0.0158128
1.73	0.0158118
1.731	0.015811
1.732	0.0158105
1.733	0.0158102
1.734	0.0158101
1.735	0.01581
1.736	0.01581
1.737	0.01581
1.738	0.0158099
1.739	0.0158098
1.74	0.0158094
1.741	0.0158089
1.742	0.0158081
1.743	0.015807
1.744	0.0158056
1.745	0.0158038
1.746	0.0158017
1.747	0.0157993
1.748	0.0157964
1.749	0.0157933
1.75	0.0157898
1.751	0.0157861
1.752	0.0157821
1.753	0.015778
1.754	0.0157737
1.755	0.0157694
1.756	0.015765
1.757	0.0157607
1.758	0.0157565
1.759	0.0157524
1.76	0.0157486
1.761	0.015745
1.762	0.0157418
1.763	0.0157389
1.764	0.0157363
1.765	0.0157341
1.766	0.0157323
1.767	0.0157309
1.768	0.0157298
1.769	0.0157291
1.77	0.0157286
1.771	0.0157284
1.772	0.0157284
1.773	0.0157286
1.774	0.0157288
1.775	0.015729
1.776	0.0157292
1.777	0.0157292
1.778	0.0157291
1.779	0.0157287
1.78	0.0157281
1.781	0.0157271
1.782	0.0157258
1.783	0.0157241
1.784	0.015722
1.785	0.0157195
1.786	0.0157166
1.787	0.0157133
1.788	0.0157097
1.789	0.0157058
1.79	0.0157016
1.791	0.0156972
1.792	0.0156927
1.793	0.0156881
1.794	0.0156834
1.795	0.0156789
1.796	0.0156744
1.797	0.0156701
1.798	0.0156661
1.799	0.0156623
1.8	0.0156589
1.801	0.0156559
1.802	0.0156532
1.803	0.015651
1.804	0.0156492
1.805	0.0156478
1.806	0.0156467
1.807	0.0156461
1.808	0.0156457
1.809	0.0156456
1.81	0.0156457
1.811	0.015646
1.812	0.0156463
1.813	0.0156467
1.814	0.015647
1.815	0.0156471
1.816	0.0156471
1.817	0.0156469
1.818	0.0156464
1.819	0.0156455
1.82	0.0156443
1.821	0.0156426
1.822	0.0156406
1.823	0.0156382
1.824	0.0156353
1.825	0.0156321
1.826	0.0156285
1.827	0.0156246
1.828	0.0156204
1.829	0.0156161
1.83	0.0156115
1.831	0.0156069
1.832	0.0156023
1.833	0.0155977
1.834	0.0155933
1.835	0.015589
1.836	0.0155849
1.837	0.0155812
1.838	0.0155777
1.839	0.0155747
1.84	0.015572
1.841	0.0155697
1.842	0.0155678
1.843	0.0155664
1.844	0.0155653
1.845	0.0155646
1.846	0.0155642
1.847	0.0155641
1.848	0.0155642
1.849	0.0155645
1.85	0.0155649
1.851	0.0155653
1.852	0.0155657
1.853	0.0155659
1.854	0.0155661
1.855	0.0155659
1.856	0.0155655
1.857	0.0155648
1.858	0.0155637
1.859	0.0155623
1.86	0.0155604
1.861	0.0155581
1.862	0.0155554
1.863	0.0155523
1.864	0.0155489
1.865	0.0155452
1.866	0.0155411
1.867	0.0155369
1.868	0.0155325
1.869	0.015528
1.87	0.0155234
1.871	0.0155189
1.872	0.0155145
1.873	0.0155102
1.874	0.0155061
1.875	0.0155023
1.876	0.0154988
1.877	0.0154957
1.878	0.015493
1.879	0.0154906
1.88	0.0154887
1.881	0.0154872
1.882	0.015486
1.883	0.0154852
1.884	0.0154847
1.885	0.0154846
1.886	0.0154846
1.887	0.0154848
1.888	0.0154851
1.889	0.0154855
1.89	0.0154858
1.891	0.0154861
1.892	0.0154861
1.893	0.015486
1.894	0.0154856
1.895	0.0154849
1.896	0.0154839
1.897	0.0154825
1.898	0.0154807
1.899	0.0154785
1.9	0.0154759
1.901	0.015473
1.902	0.0154697
1.903	0.015466
1.904	0.0154622
1.905	0.015458
1.906	0.0154538
1.907	0.0154494
1.908	0.015445
1.909	0.0154406
1.91	0.0154363
1.911	0.0154322
1.912	0.0154282
1.913	0.0154245
1.914	0.015421
1.915	0.0154179
1.916	0.0154151
1.917	0.0154127
1.918	0.0154107
1.919	0.0154091
1.92	0.0154078
1.921	0.0154068
1.922	0.0154062
1.923	0.0154058
1.924	0.0154057
1.925	0.0154057
1.926	0.0154058
1.927	0.015406
1.928	0.0154062
1.929	0.0154063
1.93	0.0154063
1.931	0.0154061
1.932	0.0154057
1.933	0.015405
1.934	0.015404
1.935	0.0154027
1.936	0.015401
1.937	0.015399
1.938	0.0153967
1.939	0.015394
1.94	0.015391
1.941	0.0153877
1.942	0.0153841
1.943	0.0153803
1.944	0.0153764
1.945	0.0153723
1.946	0.0153681
1.947	0.015364
1.948	0.0153599
1.949	0.0153558
1.95	0.015352
1.951	0.0153483
1.952	0.0153449
1.953	0.0153417
1.954	0.0153389
1.955	0.0153364
1.956	0.0153342
1.957	0.0153323
1.958	0.0153308
1.959	0.0153296
1.96	0.0153287
1.961	0.015328
1.962	0.0153276
1.963	0.0153273
1.964	0.0153272
1.965	0.0153271
1.966	0.015327
1.967	0.015327
1.968	0.0153268
1.969	0.0153266
1.97	0.0153261
1.971	0.0153255
1.972	0.0153246
1.973	0.0153235
1.974	0.015322
1.975	0.0153202
1.976	0.0153181
1.977	0.0153157
1.978	0.015313
1.979	0.0153099
1.98	0.0153067
1.981	0.0153032
1.982	0.0152995
1.983	0.0152957
1.984	0.0152918
1.985	0.0152878
1.986	0.0152839
1.987	0.01528
1.988	0.0152762
1.989	0.0152725
1.99	0.015269
1.991	0.0152657
1.992	0.0152627
1.993	0.0152599
1.994	0.0152575
1.995	0.0152554
1.996	0.0152535
1.997	0.015252
1.998	0.0152507
1.999	0.0152497
2	0.0152489
