0	0
0.001	0
0.002	0
0.003	0
0.004	0
0.005	0
0.006	0
0.007	0
0.008	0
0.009	0
0.01	0
0.011	-1.09113E-025
0.012	-5.39873E-023
0.013	-4.94365E-021
0.014	-1.99901E-019
0.015	-4.75421E-018
0.016	-7.68497E-017
0.017	-9.2087E-016
0.018	-8.66405E-015
0.019	-6.66607E-014
0.02	-4.32233E-013
0.021	-2.41702E-012
0.022	-1.187E-011
0.023	-5.19492E-011
0.024	-2.05059E-010
0.025	-7.3737E-010
0.026	-2.43592E-009
0.027	-7.4463E-009
0.028	-2.11942E-008
0.029	-5.64738E-008
0.03	-1.41547E-007
0.031	-3.35133E-007
0.032	-7.52378E-007
0.033	-1.60706E-006
0.034	-3.27604E-006
0.035	-6.39153E-006
0.036	-1.19654E-005
0.037	-2.15452E-005
0.038	-3.7397E-005
0.039	-6.27028E-005
0.04	-0.000101751
0.041	-0.000160098
0.042	-0.000244664
0.043	-0.000363743
0.044	-0.000526894
0.045	-0.000744706
0.046	-0.00102843
0.047	-0.00138948
0.048	-0.00183889
0.049	-0.00238664
0.05	-0.00304108
0.051	-0.00380834
0.052	-0.00469187
0.053	-0.00569212
0.054	-0.00680646
0.055	-0.00802918
0.056	-0.00935175
0.057	-0.0107632
0.058	-0.0122508
0.059	-0.0138004
0.06	-0.0153969
0.061	-0.0170253
0.062	-0.0186706
0.063	-0.0203184
0.064	-0.0219548
0.065	-0.0235671
0.066	-0.0251432
0.067	-0.0266716
0.068	-0.0281416
0.069	-0.0295429
0.07	-0.0308656
0.071	-0.0321001
0.072	-0.0332368
0.073	-0.0342663
0.074	-0.0351792
0.075	-0.0359659
0.076	-0.0366172
0.077	-0.037123
0.078	-0.0374737
0.079	-0.0376587
0.08	-0.0376674
0.081	-0.0374883
0.082	-0.0371098
0.083	-0.0365194
0.084	-0.035704
0.085	-0.0346504
0.086	-0.0333446
0.087	-0.0317724
0.088	-0.0299194
0.089	-0.0277708
0.09	-0.0253121
0.091	-0.0225288
0.092	-0.0194069
0.093	-0.015933
0.094	-0.012095
0.095	-0.00788241
0.096	-0.00328706
0.097	0.00169655
0.098	0.00707037
0.099	0.0128325
0.1	0.0189767
0.101	0.0254919
0.102	0.0323621
0.103	0.0395666
0.104	0.0470797
0.105	0.0548707
0.106	0.0629046
0.107	0.0711419
0.108	0.0795391
0.109	0.0880491
0.11	0.0966221
0.111	0.105205
0.112	0.113744
0.113	0.122184
0.114	0.130469
0.115	0.138545
0.116	0.146358
0.117	0.153859
0.118	0.160999
0.119	0.167734
0.12	0.174025
0.121	0.179834
0.122	0.185132
0.123	0.189889
0.124	0.194083
0.125	0.197693
0.126	0.200705
0.127	0.203105
0.128	0.204886
0.129	0.206039
0.13	0.206564
0.131	0.206457
0.132	0.205723
0.133	0.204363
0.134	0.202386
0.135	0.1998
0.136	0.196616
0.137	0.192846
0.138	0.188509
0.139	0.183621
0.14	0.178208
0.141	0.172293
0.142	0.165909
0.143	0.159088
0.144	0.15187
0.145	0.144296
0.146	0.136413
0.147	0.128267
0.148	0.119909
0.149	0.111389
0.15	0.102756
0.151	0.094059
0.152	0.0853419
0.153	0.0766474
0.154	0.0680129
0.155	0.0594723
0.156	0.0510544
0.157	0.0427848
0.158	0.0346847
0.159	0.0267728
0.16	0.0190649
0.161	0.0115751
0.162	0.00431635
0.163	-0.00269935
0.164	-0.00945994
0.165	-0.0159537
0.166	-0.0221687
0.167	-0.0280928
0.168	-0.0337137
0.169	-0.0390184
0.17	-0.0439941
0.171	-0.0486275
0.172	-0.0529055
0.173	-0.0568151
0.174	-0.0603439
0.175	-0.0634804
0.176	-0.0662142
0.177	-0.068537
0.178	-0.0704425
0.179	-0.0719276
0.18	-0.0729922
0.181	-0.0736402
0.182	-0.0738798
0.183	-0.0737232
0.184	-0.0731871
0.185	-0.0722924
0.186	-0.0710641
0.187	-0.0695307
0.188	-0.0677234
0.189	-0.0656762
0.19	-0.0634249
0.191	-0.0610066
0.192	-0.0584587
0.193	-0.0558189
0.194	-0.053124
0.195	-0.0504094
0.196	-0.0477087
0.197	-0.045053
0.198	-0.0424703
0.199	-0.0399854
0.2	-0.0376189
0.201	-0.0353878
0.202	-0.0333047
0.203	-0.0313783
0.204	-0.0296129
0.205	-0.0280092
0.206	-0.0265645
0.207	-0.0252728
0.208	-0.0241256
0.209	-0.0231123
0.21	-0.0222207
0.211	-0.0214375
0.212	-0.0207488
0.213	-0.0201406
0.214	-0.0195993
0.215	-0.0191117
0.216	-0.0186658
0.217	-0.0182508
0.218	-0.0178571
0.219	-0.0174769
0.22	-0.017104
0.221	-0.0167337
0.222	-0.0163628
0.223	-0.0159895
0.224	-0.0156131
0.225	-0.0152337
0.226	-0.0148523
0.227	-0.0144699
0.228	-0.0140876
0.229	-0.0137066
0.23	-0.0133273
0.231	-0.0129499
0.232	-0.0125738
0.233	-0.0121978
0.234	-0.0118202
0.235	-0.0114386
0.236	-0.0110502
0.237	-0.0106521
0.238	-0.010241
0.239	-0.00981385
0.24	-0.00936791
0.241	-0.00890074
0.242	-0.00841057
0.243	-0.00789633
0.244	-0.00735779
0.245	-0.00679563
0.246	-0.0062114
0.247	-0.00560756
0.248	-0.00498738
0.249	-0.0043548
0.25	-0.00371431
0.251	-0.00307074
0.252	-0.00242904
0.253	-0.00179418
0.254	-0.00117075
0.255	-0.000563031
0.256	2.54008E-005
0.257	0.000591646
0.258	0.00113362
0.259	0.00165004
0.26	0.00214039
0.261	0.00260496
0.262	0.00304462
0.263	0.00346081
0.264	0.00385521
0.265	0.00422975
0.266	0.00458631
0.267	0.00492658
0.268	0.0052519
0.269	0.0055631
0.27	0.00586045
0.271	0.00614349
0.272	0.00641111
0.273	0.00666144
0.274	0.00689204
0.275	0.0070999
0.276	0.0072816
0.277	0.00743348
0.278	0.00755178
0.279	0.00763289
0.28	0.00767348
0.281	0.0076707
0.282	0.0076223
0.283	0.00752685
0.284	0.00738372
0.285	0.00719323
0.286	0.00695659
0.287	0.00667599
0.288	0.00635443
0.289	0.00599569
0.29	0.00560424
0.291	0.00518505
0.292	0.00474352
0.293	0.00428525
0.294	0.00381593
0.295	0.00334117
0.296	0.00286638
0.297	0.0023967
0.298	0.00193678
0.299	0.00149081
0.3	0.0010624
0.301	0.00065465
0.302	0.000269975
0.303	-8.97736E-005
0.304	-0.000423299
0.305	-0.000729865
0.306	-0.00100918
0.307	-0.00126141
0.308	-0.00148709
0.309	-0.00168705
0.31	-0.0018624
0.311	-0.00201437
0.312	-0.00214437
0.313	-0.00225386
0.314	-0.00234433
0.315	-0.00241726
0.316	-0.00247406
0.317	-0.00251609
0.318	-0.00254459
0.319	-0.00256071
0.32	-0.00256547
0.321	-0.00255977
0.322	-0.00254442
0.323	-0.00252014
0.324	-0.00248761
0.325	-0.00244745
0.326	-0.00240029
0.327	-0.00234681
0.328	-0.00228774
0.329	-0.00222394
0.33	-0.00215637
0.331	-0.00208618
0.332	-0.00201467
0.333	-0.00194336
0.334	-0.00187394
0.335	-0.00180829
0.336	-0.00174842
0.337	-0.00169649
0.338	-0.00165475
0.339	-0.00162548
0.34	-0.00161095
0.341	-0.00161336
0.342	-0.00163476
0.343	-0.00167699
0.344	-0.00174166
0.345	-0.00183005
0.346	-0.00194308
0.347	-0.00208131
0.348	-0.00224484
0.349	-0.00243336
0.35	-0.00264612
0.351	-0.00288199
0.352	-0.00313936
0.353	-0.00341633
0.354	-0.00371064
0.355	-0.0040197
0.356	-0.00434078
0.357	-0.00467085
0.358	-0.00500683
0.359	-0.00534548
0.36	-0.0056836
0.361	-0.0060179
0.362	-0.00634527
0.363	-0.00666262
0.364	-0.00696693
0.365	-0.00725543
0.366	-0.00752547
0.367	-0.00777469
0.368	-0.00800086
0.369	-0.00820207
0.37	-0.00837666
0.371	-0.00852318
0.372	-0.00864047
0.373	-0.00872772
0.374	-0.00878435
0.375	-0.0088101
0.376	-0.0088049
0.377	-0.00876899
0.378	-0.00870285
0.379	-0.00860722
0.38	-0.00848294
0.381	-0.00833116
0.382	-0.00815319
0.383	-0.00795047
0.384	-0.00772457
0.385	-0.00747712
0.386	-0.00720984
0.387	-0.00692461
0.388	-0.00662324
0.389	-0.00630764
0.39	-0.00597968
0.391	-0.00564122
0.392	-0.0052942
0.393	-0.00494044
0.394	-0.00458187
0.395	-0.00422035
0.396	-0.00385772
0.397	-0.0034958
0.398	-0.00313647
0.399	-0.00278159
0.4	-0.002433
0.401	-0.00209252
0.402	-0.00176197
0.403	-0.0014432
0.404	-0.00113802
0.405	-0.000848118
0.406	-0.000575215
0.407	-0.000320939
0.408	-8.6798E-005
0.409	0.000125883
0.41	0.000315816
0.411	0.000481857
0.412	0.000623121
0.413	0.000738808
0.414	0.000828354
0.415	0.000891432
0.416	0.000927868
0.417	0.000937721
0.418	0.000921276
0.419	0.000879014
0.42	0.000811621
0.421	0.000719982
0.422	0.000605157
0.423	0.000468417
0.424	0.000311145
0.425	0.000134841
0.426	-5.87715E-005
0.427	-0.00026796
0.428	-0.000490905
0.429	-0.000725637
0.43	-0.000970201
0.431	-0.00122253
0.432	-0.00148062
0.433	-0.00174246
0.434	-0.00200606
0.435	-0.0022695
0.436	-0.00253088
0.437	-0.00278843
0.438	-0.00304049
0.439	-0.00328557
0.44	-0.00352226
0.441	-0.00374933
0.442	-0.00396575
0.443	-0.00417065
0.444	-0.0043634
0.445	-0.00454347
0.446	-0.00471059
0.447	-0.00486468
0.448	-0.00500585
0.449	-0.00513432
0.45	-0.0052505
0.451	-0.00535493
0.452	-0.00544824
0.453	-0.00553114
0.454	-0.00560437
0.455	-0.00566871
0.456	-0.00572496
0.457	-0.00577386
0.458	-0.0058161
0.459	-0.00585233
0.46	-0.00588314
0.461	-0.00590901
0.462	-0.00593034
0.463	-0.00594749
0.464	-0.00596067
0.465	-0.00597005
0.466	-0.00597573
0.467	-0.00597769
0.468	-0.0059759
0.469	-0.00597026
0.47	-0.00596064
0.471	-0.00594689
0.472	-0.00592883
0.473	-0.0059063
0.474	-0.00587909
0.475	-0.00584705
0.476	-0.00581003
0.477	-0.00576791
0.478	-0.0057206
0.479	-0.00566799
0.48	-0.00561005
0.481	-0.00554674
0.482	-0.00547806
0.483	-0.00540402
0.484	-0.0053246
0.485	-0.00523983
0.486	-0.00514973
0.487	-0.00505429
0.488	-0.00495345
0.489	-0.00484722
0.49	-0.00473557
0.491	-0.00461844
0.492	-0.00449575
0.493	-0.00436743
0.494	-0.0042334
0.495	-0.00409356
0.496	-0.00394786
0.497	-0.00379624
0.498	-0.00363865
0.499	-0.00347506
0.5	-0.00330553
0.501	-0.00313008
0.502	-0.0029488
0.503	-0.00276179
0.504	-0.00256924
0.505	-0.00237135
0.506	-0.00216831
0.507	-0.00196034
0.508	-0.00174776
0.509	-0.0015308
0.51	-0.00130974
0.511	-0.0010848
0.512	-0.00085624
0.513	-0.000624283
0.514	-0.000389105
0.515	-0.000150908
0.516	9.02005E-005
0.517	0.000334069
0.518	0.000580593
0.519	0.000829724
0.52	0.00108138
0.521	0.00133547
0.522	0.00159191
0.523	0.00185057
0.524	0.0021113
0.525	0.0023739
0.526	0.00263811
0.527	0.00290354
0.528	0.00316977
0.529	0.00343631
0.53	0.00370247
0.531	0.00396753
0.532	0.00423064
0.533	0.00449086
0.534	0.00474717
0.535	0.00499841
0.536	0.00524336
0.537	0.00548077
0.538	0.00570932
0.539	0.00592771
0.54	0.00613466
0.541	0.00632882
0.542	0.00650905
0.543	0.00667413
0.544	0.00682309
0.545	0.00695502
0.546	0.00706912
0.547	0.00716485
0.548	0.00724177
0.549	0.00729963
0.55	0.00733842
0.551	0.00735823
0.552	0.00735935
0.553	0.00734221
0.554	0.00730741
0.555	0.00725563
0.556	0.00718771
0.557	0.00710453
0.558	0.00700701
0.559	0.0068961
0.56	0.00677278
0.561	0.00663801
0.562	0.00649268
0.563	0.00633767
0.564	0.00617378
0.565	0.00600175
0.566	0.00582223
0.567	0.00563579
0.568	0.00544296
0.569	0.0052442
0.57	0.00503987
0.571	0.00483037
0.572	0.00461596
0.573	0.00439697
0.574	0.00417376
0.575	0.00394662
0.576	0.00371591
0.577	0.00348198
0.578	0.00324535
0.579	0.00300658
0.58	0.0027662
0.581	0.00252497
0.582	0.00228356
0.583	0.00204283
0.584	0.00180366
0.585	0.00156694
0.586	0.00133364
0.587	0.0011048
0.588	0.0008814
0.589	0.000664476
0.59	0.000454947
0.591	0.000253769
0.592	6.18492E-005
0.593	-0.000120017
0.594	-0.000291084
0.595	-0.000450745
0.596	-0.000598456
0.597	-0.000733757
0.598	-0.000856363
0.599	-0.000966105
0.6	-0.00106287
0.601	-0.00114669
0.602	-0.0012177
0.603	-0.00127616
0.604	-0.0013224
0.605	-0.00135689
0.606	-0.00138015
0.607	-0.00139276
0.608	-0.00139535
0.609	-0.00138862
0.61	-0.00137329
0.611	-0.00135009
0.612	-0.00131983
0.613	-0.00128324
0.614	-0.00124113
0.615	-0.00119429
0.616	-0.00114348
0.617	-0.00108944
0.618	-0.00103287
0.619	-0.000974473
0.62	-0.000914907
0.621	-0.000854804
0.622	-0.000794736
0.623	-0.000735241
0.624	-0.000676846
0.625	-0.000619979
0.626	-0.000565054
0.627	-0.000512475
0.628	-0.000462512
0.629	-0.000415483
0.63	-0.000371637
0.631	-0.000331167
0.632	-0.000294227
0.633	-0.000260942
0.634	-0.000231401
0.635	-0.000205632
0.636	-0.000183647
0.637	-0.000165431
0.638	-0.000150923
0.639	-0.00014007
0.64	-0.000132766
0.641	-0.00012893
0.642	-0.00012842
0.643	-0.000131106
0.644	-0.000136866
0.645	-0.000145532
0.646	-0.000156973
0.647	-0.000171066
0.648	-0.000187638
0.649	-0.000206567
0.65	-0.000227742
0.651	-0.00025107
0.652	-0.00027642
0.653	-0.000303716
0.654	-0.00033285
0.655	-0.000363746
0.656	-0.000396356
0.657	-0.000430626
0.658	-0.000466532
0.659	-0.000503962
0.66	-0.000542835
0.661	-0.000583081
0.662	-0.000624641
0.663	-0.000667382
0.664	-0.000711195
0.665	-0.000755975
0.666	-0.000801542
0.667	-0.00084772
0.668	-0.000894326
0.669	-0.000941165
0.67	-0.000988016
0.671	-0.00103465
0.672	-0.00108085
0.673	-0.00112633
0.674	-0.00117086
0.675	-0.0012142
0.676	-0.00125609
0.677	-0.00129632
0.678	-0.00133472
0.679	-0.00137114
0.68	-0.00140545
0.681	-0.00143753
0.682	-0.00146733
0.683	-0.00149484
0.684	-0.00152007
0.685	-0.00154309
0.686	-0.00156396
0.687	-0.00158288
0.688	-0.00159998
0.689	-0.00161542
0.69	-0.00162946
0.691	-0.00164231
0.692	-0.00165423
0.693	-0.00166546
0.694	-0.00167622
0.695	-0.00168675
0.696	-0.00169725
0.697	-0.00170789
0.698	-0.00171884
0.699	-0.00173019
0.7	-0.00174203
0.701	-0.00175439
0.702	-0.00176727
0.703	-0.00178064
0.704	-0.00179439
0.705	-0.0018084
0.706	-0.00182252
0.707	-0.00183657
0.708	-0.0018503
0.709	-0.00186348
0.71	-0.00187588
0.711	-0.00188719
0.712	-0.00189712
0.713	-0.00190544
0.714	-0.00191187
0.715	-0.00191616
0.716	-0.00191808
0.717	-0.00191744
0.718	-0.00191408
0.719	-0.00190784
0.72	-0.00189862
0.721	-0.00188637
0.722	-0.00187108
0.723	-0.00185274
0.724	-0.00183143
0.725	-0.00180725
0.726	-0.0017803
0.727	-0.00175075
0.728	-0.00171879
0.729	-0.00168462
0.73	-0.00164849
0.731	-0.0016106
0.732	-0.00157123
0.733	-0.00153061
0.734	-0.00148898
0.735	-0.00144658
0.736	-0.00140361
0.737	-0.00136028
0.738	-0.00131673
0.739	-0.00127312
0.74	-0.00122954
0.741	-0.00118609
0.742	-0.00114281
0.743	-0.0010997
0.744	-0.00105678
0.745	-0.00101399
0.746	-0.000971287
0.747	-0.000928604
0.748	-0.00088583
0.749	-0.000842876
0.75	-0.000799612
0.751	-0.000755942
0.752	-0.000711813
0.753	-0.000667124
0.754	-0.000621816
0.755	-0.00057589
0.756	-0.000529314
0.757	-0.00048218
0.758	-0.000434554
0.759	-0.00038656
0.76	-0.000338374
0.761	-0.000290186
0.762	-0.000242241
0.763	-0.000194817
0.764	-0.000148211
0.765	-0.000102767
0.766	-5.87991E-005
0.767	-1.6644E-005
0.768	2.33394E-005
0.769	6.08085E-005
0.77	9.54602E-005
0.771	0.00012698
0.772	0.000155155
0.773	0.000179716
0.774	0.000200555
0.775	0.000217552
0.776	0.000230644
0.777	0.000239859
0.778	0.000245284
0.779	0.00024705
0.78	0.000245364
0.781	0.000240499
0.782	0.000232728
0.783	0.000222377
0.784	0.000209865
0.785	0.000195631
0.786	0.000180067
0.787	0.00016361
0.788	0.000146692
0.789	0.000129683
0.79	0.00011301
0.791	9.69965E-005
0.792	8.19483E-005
0.793	6.81456E-005
0.794	5.57481E-005
0.795	4.49158E-005
0.796	3.57231E-005
0.797	2.82048E-005
0.798	2.23311E-005
0.799	1.79914E-005
0.8	1.50456E-005
0.801	1.33204E-005
0.802	1.25899E-005
0.803	1.26059E-005
0.804	1.3066E-005
0.805	1.3701E-005
0.806	1.42476E-005
0.807	1.44184E-005
0.808	1.39567E-005
0.809	1.25858E-005
0.81	1.01265E-005
0.811	6.41722E-006
0.812	1.34022E-006
0.813	-5.17857E-006
0.814	-1.32147E-005
0.815	-2.27593E-005
0.816	-3.37766E-005
0.817	-4.61779E-005
0.818	-5.98408E-005
0.819	-7.46032E-005
0.82	-9.03143E-005
0.821	-0.000106763
0.822	-0.000123764
0.823	-0.000141109
0.824	-0.000158604
0.825	-0.000176058
0.826	-0.000193331
0.827	-0.000210265
0.828	-0.000226764
0.829	-0.000242724
0.83	-0.000258121
0.831	-0.000272901
0.832	-0.000287134
0.833	-0.00030083
0.834	-0.000314125
0.835	-0.000327074
0.836	-0.000339857
0.837	-0.00035261
0.838	-0.000365475
0.839	-0.000378625
0.84	-0.000392236
0.841	-0.000406458
0.842	-0.000421457
0.843	-0.000437325
0.844	-0.000454136
0.845	-0.000472041
0.846	-0.000491072
0.847	-0.000511245
0.848	-0.000532552
0.849	-0.000554903
0.85	-0.000578281
0.851	-0.000602552
0.852	-0.000627575
0.853	-0.000653206
0.854	-0.000679211
0.855	-0.000705435
0.856	-0.000731662
0.857	-0.000757696
0.858	-0.000783275
0.859	-0.000808229
0.86	-0.000832352
0.861	-0.000855419
0.862	-0.000877252
0.863	-0.000897718
0.864	-0.000916666
0.865	-0.000933948
0.866	-0.000949487
0.867	-0.000963198
0.868	-0.000975043
0.869	-0.000984986
0.87	-0.000993058
0.871	-0.000999251
0.872	-0.00100365
0.873	-0.00100631
0.874	-0.00100732
0.875	-0.00100677
0.876	-0.00100477
0.877	-0.00100148
0.878	-0.000997012
0.879	-0.000991491
0.88	-0.000985064
0.881	-0.000977866
0.882	-0.000970049
0.883	-0.000961792
0.884	-0.000953191
0.885	-0.000944383
0.886	-0.000935492
0.887	-0.000926643
0.888	-0.000917932
0.889	-0.000909453
0.89	-0.000901293
0.891	-0.00089351
0.892	-0.000886156
0.893	-0.000879286
0.894	-0.000872917
0.895	-0.000867044
0.896	-0.000861702
0.897	-0.000856856
0.898	-0.000852478
0.899	-0.000848502
0.9	-0.000844896
0.901	-0.000841586
0.902	-0.000838494
0.903	-0.000835547
0.904	-0.000832659
0.905	-0.000829755
0.906	-0.000826723
0.907	-0.000823482
0.908	-0.000819949
0.909	-0.000816056
0.91	-0.000811716
0.911	-0.000806882
0.912	-0.000801535
0.913	-0.000795613
0.914	-0.000789131
0.915	-0.000782053
0.916	-0.000774429
0.917	-0.000766304
0.918	-0.000757708
0.919	-0.000748747
0.92	-0.00073947
0.921	-0.000729972
0.922	-0.00072038
0.923	-0.000710789
0.924	-0.000701283
0.925	-0.000691972
0.926	-0.000682986
0.927	-0.000674401
0.928	-0.000666262
0.929	-0.000658684
0.93	-0.000651713
0.931	-0.00064539
0.932	-0.000639675
0.933	-0.000634592
0.934	-0.000630099
0.935	-0.000626158
0.936	-0.000622672
0.937	-0.000619542
0.938	-0.000616669
0.939	-0.000613965
0.94	-0.000611274
0.941	-0.000608487
0.942	-0.000605445
0.943	-0.000601999
0.944	-0.00059802
0.945	-0.000593386
0.946	-0.000588016
0.947	-0.00058179
0.948	-0.000574632
0.949	-0.000566493
0.95	-0.000557307
0.951	-0.000547085
0.952	-0.000535837
0.953	-0.000523612
0.954	-0.000510487
0.955	-0.000496561
0.956	-0.000481959
0.957	-0.000466771
0.958	-0.000451138
0.959	-0.000435223
0.96	-0.000419199
0.961	-0.000403243
0.962	-0.000387493
0.963	-0.000372101
0.964	-0.000357219
0.965	-0.000342984
0.966	-0.000329526
0.967	-0.000316966
0.968	-0.000305397
0.969	-0.000294848
0.97	-0.000285356
0.971	-0.00027694
0.972	-0.000269597
0.973	-0.000263298
0.974	-0.000258001
0.975	-0.000253632
0.976	-0.000250103
0.977	-0.000247309
0.978	-0.000245135
0.979	-0.000243466
0.98	-0.000242175
0.981	-0.000241135
0.982	-0.00024023
0.983	-0.000239341
0.984	-0.000238356
0.985	-0.000237175
0.986	-0.000235719
0.987	-0.000233932
0.988	-0.000231755
0.989	-0.000229214
0.99	-0.000226286
0.991	-0.000222942
0.992	-0.000219262
0.993	-0.000215284
0.994	-0.000211036
0.995	-0.000206644
0.996	-0.000202181
0.997	-0.00019772
0.998	-0.00019342
0.999	-0.000189342
1	-0.000185608
1.001	-0.000182334
1.002	-0.000179564
1.003	-0.000177437
1.004	-0.00017597
1.005	-0.000175237
1.006	-0.00017528
1.007	-0.000176121
1.008	-0.000177761
1.009	-0.00018019
1.01	-0.000183374
1.011	-0.000187271
1.012	-0.000191813
1.013	-0.000196923
1.014	-0.000202512
1.015	-0.000208489
1.016	-0.000214718
1.017	-0.000221106
1.018	-0.00022752
1.019	-0.000233877
1.02	-0.00024005
1.021	-0.000245929
1.022	-0.000251451
1.023	-0.00025652
1.024	-0.000261072
1.025	-0.000265059
1.026	-0.000268466
1.027	-0.000271242
1.028	-0.000273416
1.029	-0.000275016
1.03	-0.000276071
1.031	-0.000276654
1.032	-0.000276804
1.033	-0.000276628
1.034	-0.000276183
1.035	-0.000275611
1.036	-0.000274995
1.037	-0.00027446
1.038	-0.000274109
1.039	-0.000274057
1.04	-0.00027443
1.041	-0.000275303
1.042	-0.000276767
1.043	-0.000278894
1.044	-0.000281771
1.045	-0.00028542
1.046	-0.000289876
1.047	-0.000295152
1.048	-0.000301258
1.049	-0.000308147
1.05	-0.000315784
1.051	-0.000324127
1.052	-0.000333093
1.053	-0.000342625
1.054	-0.000352578
1.055	-0.00036289
1.056	-0.000373441
1.057	-0.000384108
1.058	-0.000394783
1.059	-0.000405343
1.06	-0.000415689
1.061	-0.000425749
1.062	-0.000435392
1.063	-0.000444538
1.064	-0.00045315
1.065	-0.000461127
1.066	-0.000468476
1.067	-0.000475165
1.068	-0.000481178
1.069	-0.000486524
1.07	-0.000491239
1.071	-0.000495379
1.072	-0.000498952
1.073	-0.000502062
1.074	-0.000504767
1.075	-0.000507171
1.076	-0.000509335
1.077	-0.000511323
1.078	-0.000513233
1.079	-0.000515161
1.08	-0.000517185
1.081	-0.000519387
1.082	-0.000521794
1.083	-0.000524456
1.084	-0.000527416
1.085	-0.000530645
1.086	-0.000534184
1.087	-0.000538038
1.088	-0.000542152
1.089	-0.000546483
1.09	-0.000551011
1.091	-0.00055565
1.092	-0.000560321
1.093	-0.000564948
1.094	-0.000569453
1.095	-0.00057376
1.096	-0.000577792
1.097	-0.00058148
1.098	-0.000584722
1.099	-0.000587456
1.1	-0.00058965
1.101	-0.00059124
1.102	-0.00059218
1.103	-0.000592446
1.104	-0.000592082
1.105	-0.000591072
1.106	-0.000589443
1.107	-0.000587241
1.108	-0.000584554
1.109	-0.000581428
1.11	-0.000577933
1.111	-0.000574152
1.112	-0.000570179
1.113	-0.000566116
1.114	-0.000562071
1.115	-0.000558102
1.116	-0.000554305
1.117	-0.000550774
1.118	-0.000547589
1.119	-0.000544822
1.12	-0.000542531
1.121	-0.000540726
1.122	-0.000539436
1.123	-0.000538682
1.124	-0.000538462
1.125	-0.000538763
1.126	-0.000539563
1.127	-0.000540788
1.128	-0.000542384
1.129	-0.000544285
1.13	-0.00054642
1.131	-0.000548718
1.132	-0.000551109
1.133	-0.00055348
1.134	-0.000555753
1.135	-0.00055786
1.136	-0.000559736
1.137	-0.000561337
1.138	-0.000562582
1.139	-0.000563409
1.14	-0.000563782
1.141	-0.000563682
1.142	-0.000563095
1.143	-0.000562028
1.144	-0.000560507
1.145	-0.000558543
1.146	-0.000556146
1.147	-0.000553352
1.148	-0.000550218
1.149	-0.000546801
1.15	-0.000543162
1.151	-0.000539382
1.152	-0.000535505
1.153	-0.000531587
1.154	-0.000527688
1.155	-0.000523867
1.156	-0.000520176
1.157	-0.000516663
1.158	-0.000513325
1.159	-0.000510191
1.16	-0.000507284
1.161	-0.000504645
1.162	-0.000502257
1.163	-0.000500101
1.164	-0.000498164
1.165	-0.000496439
1.166	-0.000494916
1.167	-0.000493537
1.168	-0.000492249
1.169	-0.000491055
1.17	-0.000489939
1.171	-0.000488829
1.172	-0.000487685
1.173	-0.000486478
1.174	-0.000485189
1.175	-0.000483755
1.176	-0.000482154
1.177	-0.000480397
1.178	-0.000478449
1.179	-0.000476268
1.18	-0.000473896
1.181	-0.000471364
1.182	-0.000468649
1.183	-0.000465767
1.184	-0.000462744
1.185	-0.00045955
1.186	-0.000456239
1.187	-0.000452875
1.188	-0.000449462
1.189	-0.000446045
1.19	-0.000442651
1.191	-0.000439316
1.192	-0.000436099
1.193	-0.000433048
1.194	-0.00043015
1.195	-0.00042745
1.196	-0.000424991
1.197	-0.000422789
1.198	-0.000420881
1.199	-0.000419243
1.2	-0.000417907
1.201	-0.000416888
1.202	-0.000416202
1.203	-0.000415802
1.204	-0.000415677
1.205	-0.000415857
1.206	-0.000416297
1.207	-0.000416998
1.208	-0.000417883
1.209	-0.000418941
1.21	-0.000420183
1.211	-0.00042155
1.212	-0.000422984
1.213	-0.000424463
1.214	-0.000425962
1.215	-0.000427436
1.216	-0.000428868
1.217	-0.000430171
1.218	-0.000431329
1.219	-0.000432352
1.22	-0.000433196
1.221	-0.00043382
1.222	-0.000434226
1.223	-0.000434415
1.224	-0.000434381
1.225	-0.000434165
1.226	-0.00043373
1.227	-0.000433104
1.228	-0.000432345
1.229	-0.000431461
1.23	-0.000430446
1.231	-0.000429378
1.232	-0.00042828
1.233	-0.000427173
1.234	-0.000426114
1.235	-0.000425107
1.236	-0.000424214
1.237	-0.000423489
1.238	-0.000422927
1.239	-0.000422538
1.24	-0.000422384
1.241	-0.000422457
1.242	-0.000422779
1.243	-0.000423357
1.244	-0.000424144
1.245	-0.00042516
1.246	-0.000426399
1.247	-0.000427809
1.248	-0.000429365
1.249	-0.000431034
1.25	-0.000432787
1.251	-0.000434601
1.252	-0.00043645
1.253	-0.000438259
1.254	-0.000439993
1.255	-0.000441664
1.256	-0.000443208
1.257	-0.000444606
1.258	-0.000445835
1.259	-0.000446834
1.26	-0.000447635
1.261	-0.000448246
1.262	-0.000448631
1.263	-0.000448774
1.264	-0.000448724
1.265	-0.00044848
1.266	-0.000448088
1.267	-0.000447542
1.268	-0.000446845
1.269	-0.000446081
1.27	-0.000445258
1.271	-0.000444398
1.272	-0.000443541
1.273	-0.000442722
1.274	-0.000442
1.275	-0.00044137
1.276	-0.000440843
1.277	-0.000440493
1.278	-0.000440316
1.279	-0.000440344
1.28	-0.000440546
1.281	-0.00044096
1.282	-0.000441595
1.283	-0.000442405
1.284	-0.000443392
1.285	-0.000444546
1.286	-0.000445844
1.287	-0.000447268
1.288	-0.000448747
1.289	-0.000450315
1.29	-0.000451918
1.291	-0.000453522
1.292	-0.000455058
1.293	-0.000456523
1.294	-0.000457901
1.295	-0.000459126
1.296	-0.000460186
1.297	-0.000461067
1.298	-0.000461753
1.299	-0.000462225
1.3	-0.000462479
1.301	-0.000462538
1.302	-0.000462373
1.303	-0.000462008
1.304	-0.000461462
1.305	-0.000460765
1.306	-0.000459903
1.307	-0.000458945
1.308	-0.000457886
1.309	-0.000456742
1.31	-0.0004556
1.311	-0.000454467
1.312	-0.000453379
1.313	-0.000452376
1.314	-0.000451494
1.315	-0.00045073
1.316	-0.000450152
1.317	-0.000449753
1.318	-0.000449553
1.319	-0.000449585
1.32	-0.000449815
1.321	-0.000450281
1.322	-0.000450969
1.323	-0.000451857
1.324	-0.000452927
1.325	-0.000454179
1.326	-0.000455554
1.327	-0.000457064
1.328	-0.000458647
1.329	-0.000460268
1.33	-0.000461898
1.331	-0.000463497
1.332	-0.000465044
1.333	-0.000466516
1.334	-0.000467841
1.335	-0.000469033
1.336	-0.000470052
1.337	-0.000470887
1.338	-0.000471536
1.339	-0.000471984
1.34	-0.000472243
1.341	-0.000472299
1.342	-0.00047216
1.343	-0.000471861
1.344	-0.000471401
1.345	-0.000470812
1.346	-0.000470119
1.347	-0.000469372
1.348	-0.000468586
1.349	-0.000467785
1.35	-0.000466997
1.351	-0.000466254
1.352	-0.000465588
1.353	-0.000465025
1.354	-0.000464558
1.355	-0.000464206
1.356	-0.00046397
1.357	-0.000463863
1.358	-0.000463887
1.359	-0.00046406
1.36	-0.000464348
1.361	-0.00046477
1.362	-0.000465283
1.363	-0.000465871
1.364	-0.0004665
1.365	-0.000467162
1.366	-0.000467808
1.367	-0.000468437
1.368	-0.00046899
1.369	-0.000469482
1.37	-0.000469874
1.371	-0.000470152
1.372	-0.000470288
1.373	-0.000470288
1.374	-0.000470132
1.375	-0.000469811
1.376	-0.000469322
1.377	-0.000468678
1.378	-0.000467873
1.379	-0.000466931
1.38	-0.000465838
1.381	-0.000464632
1.382	-0.000463317
1.383	-0.00046192
1.384	-0.000460453
1.385	-0.000458949
1.386	-0.000457414
1.387	-0.000455896
1.388	-0.000454399
1.389	-0.000452946
1.39	-0.000451555
1.391	-0.000450223
1.392	-0.000448971
1.393	-0.000447793
1.394	-0.000446726
1.395	-0.000445744
1.396	-0.000444845
1.397	-0.000444031
1.398	-0.000443301
1.399	-0.000442665
1.4	-0.000442107
1.401	-0.0004416
1.402	-0.000441165
1.403	-0.000440777
1.404	-0.000440423
1.405	-0.000440103
1.406	-0.000439811
1.407	-0.000439525
1.408	-0.00043923
1.409	-0.000438939
1.41	-0.000438641
1.411	-0.000438341
1.412	-0.000438031
1.413	-0.000437692
1.414	-0.000437332
1.415	-0.000436934
1.416	-0.00043653
1.417	-0.000436091
1.418	-0.000435618
1.419	-0.000435114
1.42	-0.000434592
1.421	-0.000434046
1.422	-0.000433495
1.423	-0.000432913
1.424	-0.000432331
1.425	-0.000431732
1.426	-0.000431114
1.427	-0.000430497
1.428	-0.000429857
1.429	-0.000429217
1.43	-0.000428577
1.431	-0.000427935
1.432	-0.000427302
1.433	-0.000426679
1.434	-0.00042607
1.435	-0.000425488
1.436	-0.000424956
1.437	-0.000424452
1.438	-0.000423998
1.439	-0.000423601
1.44	-0.00042326
1.441	-0.000422989
1.442	-0.000422784
1.443	-0.000422658
1.444	-0.000422607
1.445	-0.000422645
1.446	-0.000422775
1.447	-0.000422992
1.448	-0.000423287
1.449	-0.000423645
1.45	-0.000424071
1.451	-0.000424557
1.452	-0.000425073
1.453	-0.000425635
1.454	-0.000426203
1.455	-0.000426774
1.456	-0.000427344
1.457	-0.000427889
1.458	-0.000428406
1.459	-0.000428879
1.46	-0.000429296
1.461	-0.00042964
1.462	-0.000429905
1.463	-0.000430076
1.464	-0.00043015
1.465	-0.00043014
1.466	-0.000430046
1.467	-0.000429872
1.468	-0.000429614
1.469	-0.000429288
1.47	-0.000428894
1.471	-0.000428445
1.472	-0.000427964
1.473	-0.000427466
1.474	-0.000426964
1.475	-0.000426484
1.476	-0.000426039
1.477	-0.000425656
1.478	-0.000425344
1.479	-0.000425132
1.48	-0.000425009
1.481	-0.000425003
1.482	-0.000425127
1.483	-0.000425367
1.484	-0.000425728
1.485	-0.000426211
1.486	-0.000426816
1.487	-0.000427553
1.488	-0.000428398
1.489	-0.000429316
1.49	-0.000430302
1.491	-0.000431354
1.492	-0.000432441
1.493	-0.000433539
1.494	-0.000434613
1.495	-0.000435644
1.496	-0.000436597
1.497	-0.000437474
1.498	-0.000438252
1.499	-0.000438907
1.5	-0.000439435
1.501	-0.000439803
1.502	-0.000440023
1.503	-0.000440082
1.504	-0.000439995
1.505	-0.000439748
1.506	-0.000439358
1.507	-0.000438835
1.508	-0.000438179
1.509	-0.000437431
1.51	-0.000436609
1.511	-0.000435743
1.512	-0.000434866
1.513	-0.000434004
1.514	-0.000433176
1.515	-0.000432418
1.516	-0.000431734
1.517	-0.000431145
1.518	-0.000430681
1.519	-0.000430357
1.52	-0.00043018
1.521	-0.000430161
1.522	-0.000430321
1.523	-0.00043064
1.524	-0.000431122
1.525	-0.000431754
1.526	-0.000432511
1.527	-0.000433378
1.528	-0.000434349
1.529	-0.000435383
1.53	-0.000436453
1.531	-0.000437541
1.532	-0.000438616
1.533	-0.000439637
1.534	-0.000440581
1.535	-0.00044142
1.536	-0.00044215
1.537	-0.00044273
1.538	-0.000443147
1.539	-0.000443392
1.54	-0.000443467
1.541	-0.000443368
1.542	-0.000443087
1.543	-0.000442632
1.544	-0.000442018
1.545	-0.000441279
1.546	-0.000440428
1.547	-0.000439486
1.548	-0.000438465
1.549	-0.000437398
1.55	-0.000436325
1.551	-0.000435277
1.552	-0.000434272
1.553	-0.00043334
1.554	-0.000432505
1.555	-0.000431804
1.556	-0.000431236
1.557	-0.000430833
1.558	-0.000430587
1.559	-0.000430508
1.56	-0.0004306
1.561	-0.000430865
1.562	-0.000431301
1.563	-0.000431905
1.564	-0.000432649
1.565	-0.000433507
1.566	-0.000434459
1.567	-0.000435481
1.568	-0.000436548
1.569	-0.000437652
1.57	-0.00043874
1.571	-0.000439776
1.572	-0.000440731
1.573	-0.000441595
1.574	-0.000442335
1.575	-0.00044293
1.576	-0.000443352
1.577	-0.00044359
1.578	-0.000443641
1.579	-0.000443517
1.58	-0.000443199
1.581	-0.000442696
1.582	-0.000442025
1.583	-0.000441199
1.584	-0.000440223
1.585	-0.000439123
1.586	-0.000437944
1.587	-0.000436695
1.588	-0.000435408
1.589	-0.000434124
1.59	-0.000432876
1.591	-0.00043168
1.592	-0.000430585
1.593	-0.000429602
1.594	-0.000428754
1.595	-0.00042807
1.596	-0.000427563
1.597	-0.000427217
1.598	-0.000427077
1.599	-0.000427125
1.6	-0.000427356
1.601	-0.000427769
1.602	-0.000428349
1.603	-0.000429068
1.604	-0.000429919
1.605	-0.00043086
1.606	-0.000431872
1.607	-0.000432925
1.608	-0.000433978
1.609	-0.000434994
1.61	-0.000435966
1.611	-0.000436854
1.612	-0.000437639
1.613	-0.000438293
1.614	-0.000438784
1.615	-0.00043911
1.616	-0.000439245
1.617	-0.000439175
1.618	-0.000438915
1.619	-0.000438475
1.62	-0.000437838
1.621	-0.000437025
1.622	-0.00043605
1.623	-0.000434926
1.624	-0.00043371
1.625	-0.000432421
1.626	-0.000431085
1.627	-0.000429724
1.628	-0.000428371
1.629	-0.000427067
1.63	-0.000425844
1.631	-0.000424725
1.632	-0.000423744
1.633	-0.00042292
1.634	-0.00042228
1.635	-0.000421845
1.636	-0.000421591
1.637	-0.000421548
1.638	-0.000421713
1.639	-0.000422086
1.64	-0.000422628
1.641	-0.000423337
1.642	-0.000424197
1.643	-0.00042519
1.644	-0.000426257
1.645	-0.000427386
1.646	-0.000428535
1.647	-0.000429678
1.648	-0.000430778
1.649	-0.000431811
1.65	-0.000432749
1.651	-0.00043353
1.652	-0.000434165
1.653	-0.000434622
1.654	-0.000434863
1.655	-0.000434888
1.656	-0.000434705
1.657	-0.000434307
1.658	-0.000433701
1.659	-0.000432907
1.66	-0.000431916
1.661	-0.000430768
1.662	-0.000429488
1.663	-0.000428094
1.664	-0.000426629
1.665	-0.000425116
1.666	-0.000423602
1.667	-0.000422117
1.668	-0.000420706
1.669	-0.000419406
1.67	-0.000418235
1.671	-0.000417247
1.672	-0.000416452
1.673	-0.000415869
1.674	-0.00041553
1.675	-0.000415416
1.676	-0.000415546
1.677	-0.000415912
1.678	-0.000416492
1.679	-0.000417275
1.68	-0.000418236
1.681	-0.000419341
1.682	-0.000420568
1.683	-0.000421878
1.684	-0.000423219
1.685	-0.000424574
1.686	-0.000425885
1.687	-0.000427112
1.688	-0.000428234
1.689	-0.000429191
1.69	-0.000429962
1.691	-0.000430532
1.692	-0.000430876
1.693	-0.000430963
1.694	-0.00043082
1.695	-0.000430419
1.696	-0.000429777
1.697	-0.000428894
1.698	-0.0004278
1.699	-0.000426542
1.7	-0.000425139
1.701	-0.00042362
1.702	-0.000422028
1.703	-0.000420406
1.704	-0.000418824
1.705	-0.000417288
1.706	-0.000415853
1.707	-0.000414555
1.708	-0.000413437
1.709	-0.000412522
1.71	-0.000411836
1.711	-0.000411409
1.712	-0.000411249
1.713	-0.00041136
1.714	-0.000411733
1.715	-0.000412367
1.716	-0.000413236
1.717	-0.000414319
1.718	-0.000415596
1.719	-0.000417019
1.72	-0.000418555
1.721	-0.000420143
1.722	-0.000421759
1.723	-0.000423334
1.724	-0.000424848
1.725	-0.000426221
1.726	-0.000427421
1.727	-0.000428435
1.728	-0.000429202
1.729	-0.000429723
1.73	-0.000429974
1.731	-0.000429962
1.732	-0.000429675
1.733	-0.000429137
1.734	-0.000428336
1.735	-0.0004273
1.736	-0.000426082
1.737	-0.000424687
1.738	-0.000423181
1.739	-0.000421587
1.74	-0.00041996
1.741	-0.000418339
1.742	-0.000416786
1.743	-0.000415323
1.744	-0.000414018
1.745	-0.000412876
1.746	-0.000411963
1.747	-0.000411293
1.748	-0.000410893
1.749	-0.000410776
1.75	-0.000410928
1.751	-0.000411343
1.752	-0.000412015
1.753	-0.000412936
1.754	-0.000414072
1.755	-0.000415412
1.756	-0.00041689
1.757	-0.000418491
1.758	-0.000420134
1.759	-0.000421805
1.76	-0.000423439
1.761	-0.000424998
1.762	-0.000426427
1.763	-0.000427699
1.764	-0.000428746
1.765	-0.00042958
1.766	-0.000430146
1.767	-0.000430454
1.768	-0.000430477
1.769	-0.000430225
1.77	-0.000429708
1.771	-0.000428952
1.772	-0.000427981
1.773	-0.000426803
1.774	-0.000425448
1.775	-0.000423963
1.776	-0.000422404
1.777	-0.000420795
1.778	-0.000419185
1.779	-0.000417636
1.78	-0.000416174
1.781	-0.000414849
1.782	-0.000413687
1.783	-0.000412725
1.784	-0.000412005
1.785	-0.000411514
1.786	-0.000411303
1.787	-0.000411343
1.788	-0.000411649
1.789	-0.000412189
1.79	-0.000412949
1.791	-0.000413914
1.792	-0.000415043
1.793	-0.000416306
1.794	-0.000417678
1.795	-0.000419087
1.796	-0.000420535
1.797	-0.000421954
1.798	-0.000423297
1.799	-0.000424542
1.8	-0.000425616
1.801	-0.00042653
1.802	-0.000427227
1.803	-0.000427724
1.804	-0.000427959
1.805	-0.000427955
1.806	-0.000427703
1.807	-0.000427194
1.808	-0.000426448
1.809	-0.000425499
1.81	-0.000424339
1.811	-0.000423045
1.812	-0.000421627
1.813	-0.000420126
1.814	-0.000418586
1.815	-0.000417042
1.816	-0.000415538
1.817	-0.000414134
1.818	-0.000412819
1.819	-0.000411668
1.82	-0.000410704
1.821	-0.000409945
1.822	-0.000409372
1.823	-0.000409029
1.824	-0.000408931
1.825	-0.000409049
1.826	-0.000409416
1.827	-0.000409984
1.828	-0.000410746
1.829	-0.000411683
1.83	-0.000412775
1.831	-0.000413944
1.832	-0.000415175
1.833	-0.000416456
1.834	-0.000417698
1.835	-0.000418898
1.836	-0.000420012
1.837	-0.000421021
1.838	-0.000421863
1.839	-0.000422557
1.84	-0.000423051
1.841	-0.000423319
1.842	-0.000423399
1.843	-0.000423269
1.844	-0.000422914
1.845	-0.000422331
1.846	-0.000421566
1.847	-0.000420613
1.848	-0.000419487
1.849	-0.000418256
1.85	-0.000416929
1.851	-0.000415539
1.852	-0.000414124
1.853	-0.00041273
1.854	-0.000411408
1.855	-0.000410146
1.856	-0.00040902
1.857	-0.000408044
1.858	-0.000407246
1.859	-0.000406637
1.86	-0.000406228
1.861	-0.000406049
1.862	-0.000406111
1.863	-0.000406373
1.864	-0.00040683
1.865	-0.000407471
1.866	-0.000408274
1.867	-0.000409227
1.868	-0.00041027
1.869	-0.000411391
1.87	-0.000412578
1.871	-0.000413772
1.872	-0.000414914
1.873	-0.000416008
1.874	-0.000417005
1.875	-0.000417885
1.876	-0.000418618
1.877	-0.000419138
1.878	-0.000419471
1.879	-0.000419622
1.88	-0.000419559
1.881	-0.000419286
1.882	-0.000418817
1.883	-0.000418168
1.884	-0.000417375
1.885	-0.000416424
1.886	-0.000415319
1.887	-0.000414142
1.888	-0.000412904
1.889	-0.000411627
1.89	-0.000410376
1.891	-0.000409149
1.892	-0.000407996
1.893	-0.000406964
1.894	-0.000406095
1.895	-0.000405384
1.896	-0.000404851
1.897	-0.000404494
1.898	-0.000404316
1.899	-0.000404331
1.9	-0.00040454
1.901	-0.000404948
1.902	-0.000405516
1.903	-0.000406225
1.904	-0.000407059
1.905	-0.000407991
1.906	-0.00040899
1.907	-0.000410035
1.908	-0.00041111
1.909	-0.000412155
1.91	-0.000413139
1.911	-0.000414023
1.912	-0.000414818
1.913	-0.000415482
1.914	-0.000415998
1.915	-0.00041637
1.916	-0.000416568
1.917	-0.000416575
1.918	-0.000416378
1.919	-0.000416015
1.92	-0.000415479
1.921	-0.000414784
1.922	-0.000413955
1.923	-0.000413024
1.924	-0.000411988
1.925	-0.000410877
1.926	-0.00040971
1.927	-0.000408555
1.928	-0.000407426
1.929	-0.000406354
1.93	-0.000405366
1.931	-0.000404509
1.932	-0.000403781
1.933	-0.000403193
1.934	-0.000402763
1.935	-0.000402512
1.936	-0.000402461
1.937	-0.000402574
1.938	-0.000402838
1.939	-0.000403279
1.94	-0.000403895
1.941	-0.000404673
1.942	-0.000405557
1.943	-0.00040652
1.944	-0.000407535
1.945	-0.000408571
1.946	-0.000409621
1.947	-0.000410632
1.948	-0.000411565
1.949	-0.000412392
1.95	-0.000413093
1.951	-0.00041365
1.952	-0.000414048
1.953	-0.000414277
1.954	-0.000414337
1.955	-0.000414229
1.956	-0.000413928
1.957	-0.000413443
1.958	-0.000412789
1.959	-0.000411998
1.96	-0.000411103
1.961	-0.000410104
1.962	-0.000409026
1.963	-0.000407909
1.964	-0.000406793
1.965	-0.000405715
1.966	-0.000404725
1.967	-0.000403827
1.968	-0.000403029
1.969	-0.000402352
1.97	-0.000401812
1.971	-0.000401425
1.972	-0.000401204
1.973	-0.000401177
1.974	-0.000401327
1.975	-0.000401639
1.976	-0.000402102
1.977	-0.000402704
1.978	-0.000403429
1.979	-0.000404259
1.98	-0.000405165
1.981	-0.000406114
1.982	-0.000407095
1.983	-0.000408057
1.984	-0.000408965
1.985	-0.000409797
1.986	-0.00041053
1.987	-0.00041115
1.988	-0.000411643
1.989	-0.000411995
1.99	-0.000412197
1.991	-0.000412248
1.992	-0.000412154
1.993	-0.000411889
1.994	-0.000411455
1.995	-0.000410865
1.996	-0.00041014
1.997	-0.000409302
1.998	-0.00040838
1.999	-0.000407402
2	-0.000406395
