0	0
0.001	0
0.002	0
0.003	0
0.004	0
0.005	0
0.006	0
0.007	0
0.008	0
0.009	0
0.01	0
0.011	0
0.012	-3.38648E-027
0.013	-5.92385E-025
0.014	-3.46181E-023
0.015	-1.06504E-021
0.016	-2.09982E-020
0.017	-2.96037E-019
0.018	-3.19908E-018
0.019	-2.77922E-017
0.02	-2.00932E-016
0.021	-1.24085E-015
0.022	-6.67945E-015
0.023	-3.18516E-014
0.024	-1.36334E-013
0.025	-5.29522E-013
0.026	-1.88338E-012
0.027	-6.18207E-012
0.028	-1.88527E-011
0.029	-5.37247E-011
0.03	-1.43794E-010
0.031	-3.63098E-010
0.032	-8.68479E-010
0.033	-1.97472E-009
0.034	-4.28225E-009
0.035	-8.88255E-009
0.036	-1.76716E-008
0.037	-3.38037E-008
0.038	-6.23156E-008
0.039	-1.10944E-007
0.04	-1.91137E-007
0.041	-3.19249E-007
0.042	-5.17865E-007
0.043	-8.17185E-007
0.044	-1.25635E-006
0.045	-1.88463E-006
0.046	-2.76224E-006
0.047	-3.96082E-006
0.048	-5.5633E-006
0.049	-7.6632E-006
0.05	-1.03633E-005
0.051	-1.37736E-005
0.052	-1.80091E-005
0.053	-2.31866E-005
0.054	-2.94219E-005
0.055	-3.68266E-005
0.056	-4.55053E-005
0.057	-5.55524E-005
0.058	-6.70508E-005
0.059	-8.00696E-005
0.06	-9.46632E-005
0.061	-0.000110871
0.062	-0.000128718
0.063	-0.000148213
0.064	-0.000169352
0.065	-0.000192117
0.066	-0.000216477
0.067	-0.000242391
0.068	-0.000269806
0.069	-0.000298657
0.07	-0.000328872
0.071	-0.000360367
0.072	-0.000393048
0.073	-0.000426813
0.074	-0.000461551
0.075	-0.00049714
0.076	-0.000533449
0.077	-0.000570338
0.078	-0.000607657
0.079	-0.000645244
0.08	-0.00068293
0.081	-0.000720532
0.082	-0.000757857
0.083	-0.000794698
0.084	-0.000830839
0.085	-0.000866047
0.086	-0.000900077
0.087	-0.000932669
0.088	-0.000963552
0.089	-0.000992435
0.09	-0.00101902
0.091	-0.00104298
0.092	-0.00106399
0.093	-0.0010817
0.094	-0.00109576
0.095	-0.0011058
0.096	-0.00111143
0.097	-0.00111228
0.098	-0.00110794
0.099	-0.00109804
0.1	-0.00108218
0.101	-0.00105999
0.102	-0.00103111
0.103	-0.000995185
0.104	-0.000951898
0.105	-0.000900956
0.106	-0.000842096
0.107	-0.000775095
0.108	-0.000699772
0.109	-0.00061599
0.11	-0.000523658
0.111	-0.000422743
0.112	-0.000313259
0.113	-0.000195279
0.114	-6.89292E-005
0.115	6.56075E-005
0.116	0.000208094
0.117	0.000358244
0.118	0.000515721
0.119	0.000680141
0.12	0.000851078
0.121	0.00102807
0.122	0.00121062
0.123	0.0013982
0.124	0.00159026
0.125	0.00178622
0.126	0.00198549
0.127	0.00218748
0.128	0.00239155
0.129	0.00259709
0.13	0.00280347
0.131	0.00301006
0.132	0.00321623
0.133	0.00342135
0.134	0.0036248
0.135	0.00382597
0.136	0.00402425
0.137	0.00421905
0.138	0.0044098
0.139	0.00459593
0.14	0.00477691
0.141	0.00495222
0.142	0.00512138
0.143	0.00528393
0.144	0.00543946
0.145	0.00558758
0.146	0.00572797
0.147	0.00586034
0.148	0.00598445
0.149	0.00610012
0.15	0.00620721
0.151	0.00630562
0.152	0.00639532
0.153	0.00647631
0.154	0.00654863
0.155	0.00661236
0.156	0.0066676
0.157	0.0067145
0.158	0.00675322
0.159	0.00678392
0.16	0.00680681
0.161	0.0068221
0.162	0.00683002
0.163	0.0068308
0.164	0.00682469
0.165	0.00681194
0.166	0.00679285
0.167	0.00676768
0.168	0.00673674
0.169	0.00670033
0.17	0.00665878
0.171	0.00661243
0.172	0.00656162
0.173	0.00650671
0.174	0.00644808
0.175	0.00638612
0.176	0.00632122
0.177	0.00625379
0.178	0.00618425
0.179	0.00611301
0.18	0.0060405
0.181	0.00596714
0.182	0.00589332
0.183	0.00581947
0.184	0.00574597
0.185	0.00567319
0.186	0.00560147
0.187	0.00553114
0.188	0.00546248
0.189	0.00539575
0.19	0.00533118
0.191	0.00526894
0.192	0.0052092
0.193	0.00515205
0.194	0.00509757
0.195	0.00504581
0.196	0.00499675
0.197	0.00495038
0.198	0.00490663
0.199	0.00486541
0.2	0.00482662
0.201	0.00479014
0.202	0.00475581
0.203	0.00472349
0.204	0.00469302
0.205	0.00466422
0.206	0.00463696
0.207	0.00461106
0.208	0.00458637
0.209	0.00456277
0.21	0.00454012
0.211	0.0045183
0.212	0.00449722
0.213	0.00447678
0.214	0.00445692
0.215	0.00443757
0.216	0.00441869
0.217	0.00440023
0.218	0.00438218
0.219	0.00436452
0.22	0.00434723
0.221	0.00433031
0.222	0.00431376
0.223	0.00429758
0.224	0.00428178
0.225	0.00426636
0.226	0.00425131
0.227	0.00423665
0.228	0.00422237
0.229	0.00420848
0.23	0.00419496
0.231	0.00418182
0.232	0.00416906
0.233	0.00415667
0.234	0.00414467
0.235	0.00413304
0.236	0.00412179
0.237	0.00411094
0.238	0.00410049
0.239	0.00409046
0.24	0.00408087
0.241	0.00407173
0.242	0.00406307
0.243	0.00405491
0.244	0.00404728
0.245	0.0040402
0.246	0.0040337
0.247	0.00402779
0.248	0.00402249
0.249	0.00401781
0.25	0.00401378
0.251	0.00401039
0.252	0.00400764
0.253	0.00400553
0.254	0.00400405
0.255	0.00400318
0.256	0.00400291
0.257	0.00400323
0.258	0.00400409
0.259	0.00400549
0.26	0.00400739
0.261	0.00400976
0.262	0.00401259
0.263	0.00401584
0.264	0.0040195
0.265	0.00402355
0.266	0.00402796
0.267	0.00403272
0.268	0.00403781
0.269	0.00404322
0.27	0.00404893
0.271	0.00405494
0.272	0.00406122
0.273	0.00406775
0.274	0.00407453
0.275	0.00408153
0.276	0.00408873
0.277	0.00409609
0.278	0.00410359
0.279	0.00411118
0.28	0.00411884
0.281	0.00412652
0.282	0.00413417
0.283	0.00414175
0.284	0.00414921
0.285	0.00415651
0.286	0.00416359
0.287	0.00417041
0.288	0.00417693
0.289	0.00418311
0.29	0.00418891
0.291	0.00419431
0.292	0.00419928
0.293	0.00420379
0.294	0.00420784
0.295	0.00421142
0.296	0.00421453
0.297	0.00421716
0.298	0.00421932
0.299	0.00422103
0.3	0.00422231
0.301	0.00422316
0.302	0.00422362
0.303	0.00422371
0.304	0.00422345
0.305	0.00422287
0.306	0.004222
0.307	0.00422086
0.308	0.00421948
0.309	0.00421789
0.31	0.00421611
0.311	0.00421417
0.312	0.00421209
0.313	0.00420989
0.314	0.00420759
0.315	0.0042052
0.316	0.00420276
0.317	0.00420026
0.318	0.00419773
0.319	0.00419517
0.32	0.00419261
0.321	0.00419004
0.322	0.00418749
0.323	0.00418496
0.324	0.00418245
0.325	0.00417998
0.326	0.00417756
0.327	0.00417519
0.328	0.00417287
0.329	0.00417061
0.33	0.00416842
0.331	0.0041663
0.332	0.00416425
0.333	0.00416227
0.334	0.00416036
0.335	0.00415852
0.336	0.00415674
0.337	0.00415502
0.338	0.00415335
0.339	0.00415171
0.34	0.00415009
0.341	0.00414848
0.342	0.00414686
0.343	0.00414521
0.344	0.0041435
0.345	0.00414172
0.346	0.00413984
0.347	0.00413783
0.348	0.00413567
0.349	0.00413333
0.35	0.00413079
0.351	0.00412803
0.352	0.00412503
0.353	0.00412175
0.354	0.00411819
0.355	0.00411433
0.356	0.00411015
0.357	0.00410564
0.358	0.0041008
0.359	0.00409563
0.36	0.00409011
0.361	0.00408426
0.362	0.00407808
0.363	0.00407157
0.364	0.00406476
0.365	0.00405764
0.366	0.00405025
0.367	0.0040426
0.368	0.00403471
0.369	0.0040266
0.37	0.00401831
0.371	0.00400985
0.372	0.00400127
0.373	0.00399258
0.374	0.00398382
0.375	0.00397502
0.376	0.00396621
0.377	0.00395742
0.378	0.00394868
0.379	0.00394002
0.38	0.00393147
0.381	0.00392306
0.382	0.00391482
0.383	0.00390676
0.384	0.00389892
0.385	0.00389132
0.386	0.00388397
0.387	0.0038769
0.388	0.00387013
0.389	0.00386366
0.39	0.00385752
0.391	0.0038517
0.392	0.00384624
0.393	0.00384112
0.394	0.00383636
0.395	0.00383195
0.396	0.00382792
0.397	0.00382424
0.398	0.00382092
0.399	0.00381796
0.4	0.00381536
0.401	0.0038131
0.402	0.00381117
0.403	0.00380957
0.404	0.00380828
0.405	0.00380729
0.406	0.00380658
0.407	0.00380613
0.408	0.00380593
0.409	0.00380596
0.41	0.00380618
0.411	0.00380658
0.412	0.00380714
0.413	0.00380782
0.414	0.00380861
0.415	0.00380947
0.416	0.00381038
0.417	0.00381132
0.418	0.00381225
0.419	0.00381316
0.42	0.00381401
0.421	0.00381477
0.422	0.00381544
0.423	0.00381598
0.424	0.00381637
0.425	0.0038166
0.426	0.00381664
0.427	0.00381647
0.428	0.0038161
0.429	0.00381549
0.43	0.00381464
0.431	0.00381355
0.432	0.0038122
0.433	0.00381059
0.434	0.00380871
0.435	0.00380657
0.436	0.00380417
0.437	0.00380151
0.438	0.0037986
0.439	0.00379543
0.44	0.00379203
0.441	0.00378839
0.442	0.00378453
0.443	0.00378046
0.444	0.00377619
0.445	0.00377174
0.446	0.00376711
0.447	0.00376232
0.448	0.00375738
0.449	0.00375231
0.45	0.00374712
0.451	0.00374181
0.452	0.00373641
0.453	0.00373092
0.454	0.00372535
0.455	0.00371971
0.456	0.00371402
0.457	0.00370827
0.458	0.00370247
0.459	0.00369664
0.46	0.00369077
0.461	0.00368487
0.462	0.00367895
0.463	0.00367301
0.464	0.00366706
0.465	0.00366109
0.466	0.00365512
0.467	0.00364914
0.468	0.00364316
0.469	0.00363719
0.47	0.00363122
0.471	0.00362527
0.472	0.00361933
0.473	0.00361341
0.474	0.00360752
0.475	0.00360166
0.476	0.00359583
0.477	0.00359004
0.478	0.00358429
0.479	0.0035786
0.48	0.00357296
0.481	0.00356738
0.482	0.00356186
0.483	0.00355642
0.484	0.00355106
0.485	0.00354577
0.486	0.00354058
0.487	0.00353548
0.488	0.00353047
0.489	0.00352557
0.49	0.00352078
0.491	0.0035161
0.492	0.00351154
0.493	0.00350711
0.494	0.00350281
0.495	0.00349865
0.496	0.00349462
0.497	0.00349075
0.498	0.00348703
0.499	0.00348348
0.5	0.00348009
0.501	0.00347687
0.502	0.00347383
0.503	0.00347097
0.504	0.0034683
0.505	0.00346583
0.506	0.00346356
0.507	0.0034615
0.508	0.00345964
0.509	0.003458
0.51	0.00345658
0.511	0.00345538
0.512	0.00345441
0.513	0.00345367
0.514	0.00345317
0.515	0.0034529
0.516	0.00345286
0.517	0.00345308
0.518	0.00345353
0.519	0.00345424
0.52	0.00345519
0.521	0.0034564
0.522	0.00345787
0.523	0.00345959
0.524	0.00346157
0.525	0.00346381
0.526	0.00346631
0.527	0.00346909
0.528	0.00347212
0.529	0.00347543
0.53	0.00347899
0.531	0.00348283
0.532	0.00348693
0.533	0.00349129
0.534	0.00349591
0.535	0.00350078
0.536	0.00350591
0.537	0.00351127
0.538	0.00351686
0.539	0.00352268
0.54	0.00352872
0.541	0.00353495
0.542	0.00354137
0.543	0.00354796
0.544	0.00355472
0.545	0.00356161
0.546	0.00356862
0.547	0.00357574
0.548	0.00358295
0.549	0.00359022
0.55	0.00359754
0.551	0.00360489
0.552	0.00361225
0.553	0.00361961
0.554	0.00362693
0.555	0.00363422
0.556	0.00364144
0.557	0.00364859
0.558	0.00365565
0.559	0.0036626
0.56	0.00366943
0.561	0.00367614
0.562	0.00368271
0.563	0.00368912
0.564	0.00369538
0.565	0.00370147
0.566	0.00370738
0.567	0.00371311
0.568	0.00371865
0.569	0.003724
0.57	0.00372914
0.571	0.00373408
0.572	0.0037388
0.573	0.00374331
0.574	0.00374759
0.575	0.00375165
0.576	0.00375548
0.577	0.00375908
0.578	0.00376245
0.579	0.00376557
0.58	0.00376846
0.581	0.00377111
0.582	0.00377351
0.583	0.00377567
0.584	0.0037776
0.585	0.00377928
0.586	0.00378073
0.587	0.00378195
0.588	0.00378294
0.589	0.00378371
0.59	0.00378427
0.591	0.00378463
0.592	0.00378478
0.593	0.00378475
0.594	0.00378454
0.595	0.00378417
0.596	0.00378365
0.597	0.00378298
0.598	0.00378218
0.599	0.00378127
0.6	0.00378025
0.601	0.00377915
0.602	0.00377796
0.603	0.00377671
0.604	0.00377541
0.605	0.00377407
0.606	0.0037727
0.607	0.00377132
0.608	0.00376992
0.609	0.00376853
0.61	0.00376714
0.611	0.00376578
0.612	0.00376445
0.613	0.00376314
0.614	0.00376188
0.615	0.00376066
0.616	0.00375949
0.617	0.00375838
0.618	0.00375732
0.619	0.00375631
0.62	0.00375537
0.621	0.00375448
0.622	0.00375366
0.623	0.00375289
0.624	0.00375219
0.625	0.00375154
0.626	0.00375095
0.627	0.00375041
0.628	0.00374992
0.629	0.00374948
0.63	0.00374909
0.631	0.00374874
0.632	0.00374843
0.633	0.00374815
0.634	0.0037479
0.635	0.00374768
0.636	0.00374749
0.637	0.00374732
0.638	0.00374716
0.639	0.00374701
0.64	0.00374688
0.641	0.00374675
0.642	0.00374662
0.643	0.00374649
0.644	0.00374636
0.645	0.00374622
0.646	0.00374606
0.647	0.0037459
0.648	0.00374572
0.649	0.00374552
0.65	0.00374531
0.651	0.00374507
0.652	0.00374481
0.653	0.00374452
0.654	0.0037442
0.655	0.00374385
0.656	0.00374347
0.657	0.00374306
0.658	0.00374261
0.659	0.00374212
0.66	0.0037416
0.661	0.00374104
0.662	0.00374043
0.663	0.00373979
0.664	0.0037391
0.665	0.00373836
0.666	0.00373759
0.667	0.00373676
0.668	0.00373589
0.669	0.00373497
0.67	0.00373401
0.671	0.003733
0.672	0.00373194
0.673	0.00373083
0.674	0.00372969
0.675	0.00372849
0.676	0.00372726
0.677	0.00372598
0.678	0.00372467
0.679	0.00372331
0.68	0.00372192
0.681	0.0037205
0.682	0.00371905
0.683	0.00371757
0.684	0.00371606
0.685	0.00371453
0.686	0.00371298
0.687	0.0037114
0.688	0.00370981
0.689	0.0037082
0.69	0.00370658
0.691	0.00370494
0.692	0.0037033
0.693	0.00370164
0.694	0.00369996
0.695	0.00369828
0.696	0.00369659
0.697	0.00369489
0.698	0.00369318
0.699	0.00369145
0.7	0.00368971
0.701	0.00368797
0.702	0.00368621
0.703	0.00368443
0.704	0.00368264
0.705	0.00368084
0.706	0.00367903
0.707	0.0036772
0.708	0.00367535
0.709	0.0036735
0.71	0.00367163
0.711	0.00366975
0.712	0.00366785
0.713	0.00366595
0.714	0.00366404
0.715	0.00366213
0.716	0.00366021
0.717	0.00365829
0.718	0.00365638
0.719	0.00365447
0.72	0.00365256
0.721	0.00365067
0.722	0.00364879
0.723	0.00364693
0.724	0.00364509
0.725	0.00364327
0.726	0.00364147
0.727	0.00363971
0.728	0.00363797
0.729	0.00363627
0.73	0.0036346
0.731	0.00363297
0.732	0.00363138
0.733	0.00362983
0.734	0.00362832
0.735	0.00362685
0.736	0.00362543
0.737	0.00362405
0.738	0.00362271
0.739	0.00362141
0.74	0.00362016
0.741	0.00361895
0.742	0.00361779
0.743	0.00361667
0.744	0.00361559
0.745	0.00361455
0.746	0.00361356
0.747	0.00361261
0.748	0.0036117
0.749	0.00361084
0.75	0.00361002
0.751	0.00360924
0.752	0.00360851
0.753	0.00360782
0.754	0.00360717
0.755	0.00360657
0.756	0.00360602
0.757	0.00360551
0.758	0.00360506
0.759	0.00360465
0.76	0.00360428
0.761	0.00360397
0.762	0.0036037
0.763	0.00360348
0.764	0.00360331
0.765	0.00360319
0.766	0.00360311
0.767	0.00360307
0.768	0.00360307
0.769	0.00360312
0.77	0.00360319
0.771	0.00360331
0.772	0.00360345
0.773	0.00360361
0.774	0.00360381
0.775	0.00360402
0.776	0.00360424
0.777	0.00360448
0.778	0.00360472
0.779	0.00360497
0.78	0.00360521
0.781	0.00360546
0.782	0.00360569
0.783	0.00360592
0.784	0.00360614
0.785	0.00360634
0.786	0.00360653
0.787	0.0036067
0.788	0.00360685
0.789	0.00360699
0.79	0.00360711
0.791	0.00360722
0.792	0.00360731
0.793	0.00360738
0.794	0.00360744
0.795	0.00360749
0.796	0.00360753
0.797	0.00360757
0.798	0.00360759
0.799	0.00360761
0.8	0.00360763
0.801	0.00360764
0.802	0.00360765
0.803	0.00360767
0.804	0.00360768
0.805	0.00360769
0.806	0.00360771
0.807	0.00360772
0.808	0.00360774
0.809	0.00360775
0.81	0.00360776
0.811	0.00360777
0.812	0.00360777
0.813	0.00360777
0.814	0.00360776
0.815	0.00360774
0.816	0.00360772
0.817	0.00360768
0.818	0.00360762
0.819	0.00360756
0.82	0.00360747
0.821	0.00360738
0.822	0.00360726
0.823	0.00360713
0.824	0.00360698
0.825	0.00360681
0.826	0.00360663
0.827	0.00360642
0.828	0.00360621
0.829	0.00360597
0.83	0.00360572
0.831	0.00360546
0.832	0.00360518
0.833	0.00360488
0.834	0.00360457
0.835	0.00360425
0.836	0.00360392
0.837	0.00360357
0.838	0.00360321
0.839	0.00360284
0.84	0.00360246
0.841	0.00360206
0.842	0.00360164
0.843	0.00360121
0.844	0.00360077
0.845	0.00360031
0.846	0.00359982
0.847	0.00359932
0.848	0.0035988
0.849	0.00359826
0.85	0.00359769
0.851	0.0035971
0.852	0.00359649
0.853	0.00359585
0.854	0.00359518
0.855	0.00359449
0.856	0.00359377
0.857	0.00359302
0.858	0.00359225
0.859	0.00359146
0.86	0.00359064
0.861	0.00358979
0.862	0.00358893
0.863	0.00358804
0.864	0.00358713
0.865	0.00358621
0.866	0.00358526
0.867	0.00358431
0.868	0.00358334
0.869	0.00358236
0.87	0.00358137
0.871	0.00358037
0.872	0.00357937
0.873	0.00357837
0.874	0.00357736
0.875	0.00357635
0.876	0.00357535
0.877	0.00357434
0.878	0.00357334
0.879	0.00357235
0.88	0.00357136
0.881	0.00357038
0.882	0.0035694
0.883	0.00356844
0.884	0.00356748
0.885	0.00356653
0.886	0.00356559
0.887	0.00356466
0.888	0.00356374
0.889	0.00356282
0.89	0.00356192
0.891	0.00356102
0.892	0.00356013
0.893	0.00355925
0.894	0.00355837
0.895	0.0035575
0.896	0.00355664
0.897	0.00355578
0.898	0.00355493
0.899	0.00355407
0.9	0.00355323
0.901	0.00355238
0.902	0.00355154
0.903	0.00355071
0.904	0.00354987
0.905	0.00354904
0.906	0.00354821
0.907	0.00354739
0.908	0.00354657
0.909	0.00354575
0.91	0.00354494
0.911	0.00354413
0.912	0.00354332
0.913	0.00354252
0.914	0.00354173
0.915	0.00354095
0.916	0.00354017
0.917	0.0035394
0.918	0.00353863
0.919	0.00353788
0.92	0.00353714
0.921	0.0035364
0.922	0.00353568
0.923	0.00353496
0.924	0.00353426
0.925	0.00353356
0.926	0.00353287
0.927	0.00353219
0.928	0.00353152
0.929	0.00353086
0.93	0.0035302
0.931	0.00352956
0.932	0.00352891
0.933	0.00352828
0.934	0.00352764
0.935	0.00352702
0.936	0.00352639
0.937	0.00352577
0.938	0.00352515
0.939	0.00352454
0.94	0.00352393
0.941	0.00352332
0.942	0.00352271
0.943	0.0035221
0.944	0.0035215
0.945	0.00352091
0.946	0.00352032
0.947	0.00351973
0.948	0.00351915
0.949	0.00351858
0.95	0.00351802
0.951	0.00351747
0.952	0.00351693
0.953	0.0035164
0.954	0.00351588
0.955	0.00351538
0.956	0.00351489
0.957	0.00351441
0.958	0.00351395
0.959	0.00351351
0.96	0.00351308
0.961	0.00351267
0.962	0.00351228
0.963	0.0035119
0.964	0.00351153
0.965	0.00351118
0.966	0.00351085
0.967	0.00351052
0.968	0.00351021
0.969	0.00350991
0.97	0.00350962
0.971	0.00350934
0.972	0.00350907
0.973	0.0035088
0.974	0.00350854
0.975	0.00350829
0.976	0.00350803
0.977	0.00350779
0.978	0.00350754
0.979	0.00350729
0.98	0.00350705
0.981	0.00350681
0.982	0.00350657
0.983	0.00350633
0.984	0.00350609
0.985	0.00350585
0.986	0.00350562
0.987	0.00350538
0.988	0.00350515
0.989	0.00350492
0.99	0.00350469
0.991	0.00350447
0.992	0.00350425
0.993	0.00350403
0.994	0.00350381
0.995	0.00350361
0.996	0.0035034
0.997	0.0035032
0.998	0.00350301
0.999	0.00350281
1	0.00350263
1.001	0.00350244
1.002	0.00350226
1.003	0.00350208
1.004	0.00350191
1.005	0.00350173
1.006	0.00350156
1.007	0.00350138
1.008	0.0035012
1.009	0.00350103
1.01	0.00350084
1.011	0.00350066
1.012	0.00350047
1.013	0.00350027
1.014	0.00350008
1.015	0.00349987
1.016	0.00349966
1.017	0.00349944
1.018	0.00349922
1.019	0.00349899
1.02	0.00349875
1.021	0.00349851
1.022	0.00349826
1.023	0.003498
1.024	0.00349774
1.025	0.00349748
1.026	0.00349721
1.027	0.00349694
1.028	0.00349667
1.029	0.0034964
1.03	0.00349612
1.031	0.00349585
1.032	0.00349557
1.033	0.00349529
1.034	0.00349502
1.035	0.00349474
1.036	0.00349446
1.037	0.00349419
1.038	0.00349392
1.039	0.00349364
1.04	0.00349337
1.041	0.00349309
1.042	0.00349282
1.043	0.00349254
1.044	0.00349226
1.045	0.00349198
1.046	0.00349169
1.047	0.0034914
1.048	0.0034911
1.049	0.00349079
1.05	0.00349048
1.051	0.00349016
1.052	0.00348983
1.053	0.00348949
1.054	0.00348915
1.055	0.00348879
1.056	0.00348842
1.057	0.00348804
1.058	0.00348765
1.059	0.00348725
1.06	0.00348684
1.061	0.00348642
1.062	0.00348599
1.063	0.00348555
1.064	0.0034851
1.065	0.00348464
1.066	0.00348418
1.067	0.00348371
1.068	0.00348323
1.069	0.00348275
1.07	0.00348226
1.071	0.00348176
1.072	0.00348127
1.073	0.00348077
1.074	0.00348026
1.075	0.00347976
1.076	0.00347925
1.077	0.00347874
1.078	0.00347822
1.079	0.00347771
1.08	0.00347719
1.081	0.00347668
1.082	0.00347616
1.083	0.00347563
1.084	0.00347511
1.085	0.00347458
1.086	0.00347405
1.087	0.00347351
1.088	0.00347297
1.089	0.00347242
1.09	0.00347188
1.091	0.00347132
1.092	0.00347076
1.093	0.0034702
1.094	0.00346963
1.095	0.00346906
1.096	0.00346849
1.097	0.00346791
1.098	0.00346732
1.099	0.00346674
1.1	0.00346615
1.101	0.00346556
1.102	0.00346497
1.103	0.00346438
1.104	0.00346378
1.105	0.00346319
1.106	0.0034626
1.107	0.00346201
1.108	0.00346143
1.109	0.00346084
1.11	0.00346026
1.111	0.00345969
1.112	0.00345912
1.113	0.00345855
1.114	0.00345798
1.115	0.00345742
1.116	0.00345687
1.117	0.00345631
1.118	0.00345577
1.119	0.00345522
1.12	0.00345468
1.121	0.00345413
1.122	0.00345359
1.123	0.00345305
1.124	0.00345252
1.125	0.00345198
1.126	0.00345144
1.127	0.0034509
1.128	0.00345036
1.129	0.00344981
1.13	0.00344927
1.131	0.00344872
1.132	0.00344817
1.133	0.00344762
1.134	0.00344706
1.135	0.00344651
1.136	0.00344595
1.137	0.00344539
1.138	0.00344483
1.139	0.00344426
1.14	0.0034437
1.141	0.00344314
1.142	0.00344257
1.143	0.00344201
1.144	0.00344145
1.145	0.00344089
1.146	0.00344033
1.147	0.00343978
1.148	0.00343922
1.149	0.00343868
1.15	0.00343813
1.151	0.00343759
1.152	0.00343705
1.153	0.00343652
1.154	0.00343599
1.155	0.00343546
1.156	0.00343494
1.157	0.00343442
1.158	0.00343391
1.159	0.0034334
1.16	0.00343289
1.161	0.00343238
1.162	0.00343188
1.163	0.00343138
1.164	0.00343088
1.165	0.00343038
1.166	0.00342988
1.167	0.00342939
1.168	0.0034289
1.169	0.00342841
1.17	0.00342792
1.171	0.00342743
1.172	0.00342694
1.173	0.00342645
1.174	0.00342596
1.175	0.00342548
1.176	0.003425
1.177	0.00342452
1.178	0.00342404
1.179	0.00342356
1.18	0.00342308
1.181	0.00342261
1.182	0.00342214
1.183	0.00342167
1.184	0.00342121
1.185	0.00342075
1.186	0.00342029
1.187	0.00341984
1.188	0.00341939
1.189	0.00341894
1.19	0.00341849
1.191	0.00341805
1.192	0.00341761
1.193	0.00341718
1.194	0.00341675
1.195	0.00341632
1.196	0.00341589
1.197	0.00341547
1.198	0.00341505
1.199	0.00341463
1.2	0.00341421
1.201	0.00341379
1.202	0.00341338
1.203	0.00341296
1.204	0.00341254
1.205	0.00341213
1.206	0.00341171
1.207	0.0034113
1.208	0.00341088
1.209	0.00341046
1.21	0.00341004
1.211	0.00340962
1.212	0.0034092
1.213	0.00340877
1.214	0.00340835
1.215	0.00340792
1.216	0.00340749
1.217	0.00340706
1.218	0.00340663
1.219	0.0034062
1.22	0.00340577
1.221	0.00340533
1.222	0.0034049
1.223	0.00340447
1.224	0.00340403
1.225	0.0034036
1.226	0.00340316
1.227	0.00340273
1.228	0.0034023
1.229	0.00340187
1.23	0.00340143
1.231	0.003401
1.232	0.00340058
1.233	0.00340015
1.234	0.00339972
1.235	0.00339929
1.236	0.00339887
1.237	0.00339845
1.238	0.00339802
1.239	0.0033976
1.24	0.00339718
1.241	0.00339676
1.242	0.00339633
1.243	0.00339591
1.244	0.00339549
1.245	0.00339506
1.246	0.00339464
1.247	0.00339421
1.248	0.00339378
1.249	0.00339335
1.25	0.00339292
1.251	0.00339248
1.252	0.00339205
1.253	0.00339161
1.254	0.00339117
1.255	0.00339073
1.256	0.00339029
1.257	0.00338985
1.258	0.0033894
1.259	0.00338895
1.26	0.00338851
1.261	0.00338806
1.262	0.00338761
1.263	0.00338716
1.264	0.00338671
1.265	0.00338626
1.266	0.00338582
1.267	0.00338537
1.268	0.00338492
1.269	0.00338447
1.27	0.00338403
1.271	0.00338358
1.272	0.00338314
1.273	0.0033827
1.274	0.00338225
1.275	0.00338181
1.276	0.00338137
1.277	0.00338093
1.278	0.00338049
1.279	0.00338005
1.28	0.00337961
1.281	0.00337917
1.282	0.00337873
1.283	0.00337829
1.284	0.00337784
1.285	0.0033774
1.286	0.00337695
1.287	0.00337651
1.288	0.00337606
1.289	0.00337561
1.29	0.00337516
1.291	0.00337471
1.292	0.00337425
1.293	0.00337379
1.294	0.00337334
1.295	0.00337288
1.296	0.00337242
1.297	0.00337196
1.298	0.0033715
1.299	0.00337104
1.3	0.00337057
1.301	0.00337011
1.302	0.00336965
1.303	0.00336919
1.304	0.00336872
1.305	0.00336826
1.306	0.0033678
1.307	0.00336734
1.308	0.00336689
1.309	0.00336643
1.31	0.00336597
1.311	0.00336552
1.312	0.00336506
1.313	0.00336461
1.314	0.00336416
1.315	0.00336371
1.316	0.00336326
1.317	0.00336281
1.318	0.00336236
1.319	0.00336191
1.32	0.00336146
1.321	0.00336101
1.322	0.00336056
1.323	0.00336011
1.324	0.00335965
1.325	0.0033592
1.326	0.00335875
1.327	0.00335829
1.328	0.00335783
1.329	0.00335737
1.33	0.00335691
1.331	0.00335645
1.332	0.00335598
1.333	0.00335552
1.334	0.00335505
1.335	0.00335458
1.336	0.00335411
1.337	0.00335364
1.338	0.00335317
1.339	0.0033527
1.34	0.00335223
1.341	0.00335175
1.342	0.00335128
1.343	0.00335081
1.344	0.00335034
1.345	0.00334987
1.346	0.0033494
1.347	0.00334893
1.348	0.00334846
1.349	0.00334799
1.35	0.00334752
1.351	0.00334706
1.352	0.00334659
1.353	0.00334612
1.354	0.00334566
1.355	0.0033452
1.356	0.00334473
1.357	0.00334427
1.358	0.0033438
1.359	0.00334334
1.36	0.00334288
1.361	0.00334241
1.362	0.00334195
1.363	0.00334148
1.364	0.00334101
1.365	0.00334055
1.366	0.00334008
1.367	0.00333961
1.368	0.00333914
1.369	0.00333867
1.37	0.0033382
1.371	0.00333773
1.372	0.00333726
1.373	0.00333679
1.374	0.00333632
1.375	0.00333585
1.376	0.00333538
1.377	0.00333492
1.378	0.00333445
1.379	0.00333398
1.38	0.00333351
1.381	0.00333305
1.382	0.00333258
1.383	0.00333212
1.384	0.00333166
1.385	0.0033312
1.386	0.00333074
1.387	0.00333029
1.388	0.00332983
1.389	0.00332938
1.39	0.00332892
1.391	0.00332847
1.392	0.00332802
1.393	0.00332758
1.394	0.00332713
1.395	0.00332668
1.396	0.00332624
1.397	0.00332579
1.398	0.00332535
1.399	0.00332491
1.4	0.00332446
1.401	0.00332402
1.402	0.00332358
1.403	0.00332314
1.404	0.0033227
1.405	0.00332226
1.406	0.00332182
1.407	0.00332138
1.408	0.00332094
1.409	0.0033205
1.41	0.00332006
1.411	0.00331962
1.412	0.00331918
1.413	0.00331875
1.414	0.00331831
1.415	0.00331787
1.416	0.00331744
1.417	0.003317
1.418	0.00331656
1.419	0.00331613
1.42	0.00331569
1.421	0.00331526
1.422	0.00331483
1.423	0.00331439
1.424	0.00331396
1.425	0.00331353
1.426	0.0033131
1.427	0.00331267
1.428	0.00331224
1.429	0.00331181
1.43	0.00331138
1.431	0.00331095
1.432	0.00331052
1.433	0.00331009
1.434	0.00330967
1.435	0.00330924
1.436	0.00330882
1.437	0.00330839
1.438	0.00330797
1.439	0.00330754
1.44	0.00330712
1.441	0.0033067
1.442	0.00330627
1.443	0.00330585
1.444	0.00330543
1.445	0.00330501
1.446	0.00330458
1.447	0.00330416
1.448	0.00330374
1.449	0.00330331
1.45	0.00330289
1.451	0.00330247
1.452	0.00330204
1.453	0.00330162
1.454	0.00330119
1.455	0.00330076
1.456	0.00330034
1.457	0.00329991
1.458	0.00329948
1.459	0.00329905
1.46	0.00329862
1.461	0.00329819
1.462	0.00329776
1.463	0.00329733
1.464	0.0032969
1.465	0.00329647
1.466	0.00329604
1.467	0.00329561
1.468	0.00329518
1.469	0.00329475
1.47	0.00329432
1.471	0.0032939
1.472	0.00329347
1.473	0.00329304
1.474	0.00329261
1.475	0.00329219
1.476	0.00329176
1.477	0.00329133
1.478	0.00329091
1.479	0.00329048
1.48	0.00329006
1.481	0.00328963
1.482	0.00328921
1.483	0.00328878
1.484	0.00328836
1.485	0.00328793
1.486	0.0032875
1.487	0.00328708
1.488	0.00328665
1.489	0.00328622
1.49	0.00328579
1.491	0.00328536
1.492	0.00328493
1.493	0.0032845
1.494	0.00328406
1.495	0.00328363
1.496	0.00328319
1.497	0.00328275
1.498	0.00328231
1.499	0.00328188
1.5	0.00328144
1.501	0.003281
1.502	0.00328056
1.503	0.00328012
1.504	0.00327968
1.505	0.00327924
1.506	0.0032788
1.507	0.00327836
1.508	0.00327792
1.509	0.00327748
1.51	0.00327704
1.511	0.00327661
1.512	0.00327617
1.513	0.00327574
1.514	0.00327531
1.515	0.00327487
1.516	0.00327444
1.517	0.00327401
1.518	0.00327358
1.519	0.00327315
1.52	0.00327272
1.521	0.00327229
1.522	0.00327186
1.523	0.00327143
1.524	0.003271
1.525	0.00327056
1.526	0.00327013
1.527	0.0032697
1.528	0.00326927
1.529	0.00326883
1.53	0.0032684
1.531	0.00326796
1.532	0.00326752
1.533	0.00326708
1.534	0.00326664
1.535	0.0032662
1.536	0.00326576
1.537	0.00326532
1.538	0.00326487
1.539	0.00326443
1.54	0.00326399
1.541	0.00326354
1.542	0.0032631
1.543	0.00326266
1.544	0.00326221
1.545	0.00326177
1.546	0.00326133
1.547	0.00326089
1.548	0.00326045
1.549	0.00326001
1.55	0.00325958
1.551	0.00325914
1.552	0.00325871
1.553	0.00325827
1.554	0.00325784
1.555	0.00325741
1.556	0.00325698
1.557	0.00325655
1.558	0.00325612
1.559	0.00325569
1.56	0.00325525
1.561	0.00325482
1.562	0.00325439
1.563	0.00325396
1.564	0.00325353
1.565	0.0032531
1.566	0.00325266
1.567	0.00325223
1.568	0.00325179
1.569	0.00325135
1.57	0.00325092
1.571	0.00325048
1.572	0.00325004
1.573	0.00324959
1.574	0.00324915
1.575	0.00324871
1.576	0.00324827
1.577	0.00324782
1.578	0.00324738
1.579	0.00324694
1.58	0.00324649
1.581	0.00324605
1.582	0.00324561
1.583	0.00324517
1.584	0.00324473
1.585	0.00324429
1.586	0.00324385
1.587	0.00324341
1.588	0.00324297
1.589	0.00324254
1.59	0.00324211
1.591	0.00324167
1.592	0.00324124
1.593	0.00324081
1.594	0.00324038
1.595	0.00323995
1.596	0.00323953
1.597	0.0032391
1.598	0.00323867
1.599	0.00323824
1.6	0.00323782
1.601	0.00323739
1.602	0.00323696
1.603	0.00323653
1.604	0.0032361
1.605	0.00323567
1.606	0.00323524
1.607	0.00323481
1.608	0.00323438
1.609	0.00323394
1.61	0.00323351
1.611	0.00323307
1.612	0.00323263
1.613	0.00323219
1.614	0.00323176
1.615	0.00323132
1.616	0.00323088
1.617	0.00323044
1.618	0.00323
1.619	0.00322956
1.62	0.00322912
1.621	0.00322869
1.622	0.00322825
1.623	0.00322781
1.624	0.00322738
1.625	0.00322695
1.626	0.00322651
1.627	0.00322608
1.628	0.00322565
1.629	0.00322523
1.63	0.0032248
1.631	0.00322438
1.632	0.00322395
1.633	0.00322353
1.634	0.00322311
1.635	0.00322268
1.636	0.00322226
1.637	0.00322184
1.638	0.00322142
1.639	0.003221
1.64	0.00322057
1.641	0.00322015
1.642	0.00321973
1.643	0.0032193
1.644	0.00321888
1.645	0.00321845
1.646	0.00321802
1.647	0.00321759
1.648	0.00321716
1.649	0.00321673
1.65	0.0032163
1.651	0.00321587
1.652	0.00321543
1.653	0.003215
1.654	0.00321456
1.655	0.00321413
1.656	0.00321369
1.657	0.00321326
1.658	0.00321282
1.659	0.00321239
1.66	0.00321196
1.661	0.00321153
1.662	0.0032111
1.663	0.00321067
1.664	0.00321024
1.665	0.00320982
1.666	0.00320939
1.667	0.00320897
1.668	0.00320855
1.669	0.00320813
1.67	0.00320771
1.671	0.00320729
1.672	0.00320687
1.673	0.00320646
1.674	0.00320604
1.675	0.00320563
1.676	0.00320521
1.677	0.00320479
1.678	0.00320438
1.679	0.00320396
1.68	0.00320354
1.681	0.00320312
1.682	0.0032027
1.683	0.00320228
1.684	0.00320186
1.685	0.00320144
1.686	0.00320101
1.687	0.00320059
1.688	0.00320016
1.689	0.00319973
1.69	0.0031993
1.691	0.00319887
1.692	0.00319844
1.693	0.00319801
1.694	0.00319758
1.695	0.00319715
1.696	0.00319672
1.697	0.00319629
1.698	0.00319586
1.699	0.00319543
1.7	0.00319501
1.701	0.00319458
1.702	0.00319416
1.703	0.00319374
1.704	0.00319332
1.705	0.0031929
1.706	0.00319248
1.707	0.00319207
1.708	0.00319165
1.709	0.00319124
1.71	0.00319083
1.711	0.00319042
1.712	0.00319001
1.713	0.00318959
1.714	0.00318918
1.715	0.00318877
1.716	0.00318836
1.717	0.00318794
1.718	0.00318753
1.719	0.00318711
1.72	0.0031867
1.721	0.00318628
1.722	0.00318586
1.723	0.00318543
1.724	0.00318501
1.725	0.00318458
1.726	0.00318416
1.727	0.00318373
1.728	0.0031833
1.729	0.00318287
1.73	0.00318244
1.731	0.00318201
1.732	0.00318158
1.733	0.00318115
1.734	0.00318072
1.735	0.00318029
1.736	0.00317987
1.737	0.00317944
1.738	0.00317902
1.739	0.0031786
1.74	0.00317817
1.741	0.00317776
1.742	0.00317734
1.743	0.00317692
1.744	0.00317651
1.745	0.00317609
1.746	0.00317568
1.747	0.00317527
1.748	0.00317486
1.749	0.00317445
1.75	0.00317404
1.751	0.00317363
1.752	0.00317321
1.753	0.0031728
1.754	0.00317239
1.755	0.00317197
1.756	0.00317156
1.757	0.00317114
1.758	0.00317072
1.759	0.0031703
1.76	0.00316988
1.761	0.00316945
1.762	0.00316903
1.763	0.0031686
1.764	0.00316817
1.765	0.00316774
1.766	0.00316731
1.767	0.00316688
1.768	0.00316645
1.769	0.00316602
1.77	0.00316559
1.771	0.00316516
1.772	0.00316473
1.773	0.00316431
1.774	0.00316388
1.775	0.00316346
1.776	0.00316303
1.777	0.00316261
1.778	0.00316219
1.779	0.00316177
1.78	0.00316136
1.781	0.00316094
1.782	0.00316053
1.783	0.00316011
1.784	0.0031597
1.785	0.00315929
1.786	0.00315888
1.787	0.00315847
1.788	0.00315806
1.789	0.00315764
1.79	0.00315723
1.791	0.00315682
1.792	0.0031564
1.793	0.00315599
1.794	0.00315557
1.795	0.00315515
1.796	0.00315473
1.797	0.00315431
1.798	0.00315389
1.799	0.00315346
1.8	0.00315304
1.801	0.00315261
1.802	0.00315219
1.803	0.00315176
1.804	0.00315133
1.805	0.0031509
1.806	0.00315047
1.807	0.00315005
1.808	0.00314962
1.809	0.00314919
1.81	0.00314877
1.811	0.00314835
1.812	0.00314792
1.813	0.0031475
1.814	0.00314708
1.815	0.00314667
1.816	0.00314625
1.817	0.00314583
1.818	0.00314542
1.819	0.00314501
1.82	0.0031446
1.821	0.00314419
1.822	0.00314378
1.823	0.00314337
1.824	0.00314296
1.825	0.00314255
1.826	0.00314214
1.827	0.00314173
1.828	0.00314132
1.829	0.00314091
1.83	0.0031405
1.831	0.00314008
1.832	0.00313967
1.833	0.00313925
1.834	0.00313884
1.835	0.00313842
1.836	0.003138
1.837	0.00313758
1.838	0.00313716
1.839	0.00313673
1.84	0.00313631
1.841	0.00313589
1.842	0.00313547
1.843	0.00313504
1.844	0.00313462
1.845	0.0031342
1.846	0.00313377
1.847	0.00313335
1.848	0.00313293
1.849	0.00313251
1.85	0.0031321
1.851	0.00313168
1.852	0.00313127
1.853	0.00313085
1.854	0.00313044
1.855	0.00313003
1.856	0.00312962
1.857	0.00312921
1.858	0.0031288
1.859	0.0031284
1.86	0.00312799
1.861	0.00312758
1.862	0.00312718
1.863	0.00312677
1.864	0.00312637
1.865	0.00312596
1.866	0.00312555
1.867	0.00312514
1.868	0.00312473
1.869	0.00312432
1.87	0.00312391
1.871	0.0031235
1.872	0.00312308
1.873	0.00312267
1.874	0.00312225
1.875	0.00312183
1.876	0.00312141
1.877	0.00312099
1.878	0.00312058
1.879	0.00312016
1.88	0.00311974
1.881	0.00311932
1.882	0.0031189
1.883	0.00311848
1.884	0.00311806
1.885	0.00311764
1.886	0.00311723
1.887	0.00311681
1.888	0.0031164
1.889	0.00311599
1.89	0.00311558
1.891	0.00311517
1.892	0.00311476
1.893	0.00311435
1.894	0.00311394
1.895	0.00311354
1.896	0.00311313
1.897	0.00311273
1.898	0.00311232
1.899	0.00311192
1.9	0.00311152
1.901	0.00311111
1.902	0.00311071
1.903	0.0031103
1.904	0.00310989
1.905	0.00310949
1.906	0.00310908
1.907	0.00310867
1.908	0.00310826
1.909	0.00310785
1.91	0.00310743
1.911	0.00310702
1.912	0.0031066
1.913	0.00310619
1.914	0.00310577
1.915	0.00310536
1.916	0.00310494
1.917	0.00310452
1.918	0.00310411
1.919	0.00310369
1.92	0.00310328
1.921	0.00310286
1.922	0.00310245
1.923	0.00310203
1.924	0.00310162
1.925	0.00310121
1.926	0.0031008
1.927	0.00310039
1.928	0.00309998
1.929	0.00309957
1.93	0.00309917
1.931	0.00309876
1.932	0.00309836
1.933	0.00309796
1.934	0.00309755
1.935	0.00309715
1.936	0.00309675
1.937	0.00309635
1.938	0.00309594
1.939	0.00309554
1.94	0.00309514
1.941	0.00309473
1.942	0.00309433
1.943	0.00309392
1.944	0.00309351
1.945	0.00309311
1.946	0.0030927
1.947	0.00309229
1.948	0.00309188
1.949	0.00309146
1.95	0.00309105
1.951	0.00309064
1.952	0.00309022
1.953	0.00308981
1.954	0.00308939
1.955	0.00308898
1.956	0.00308857
1.957	0.00308815
1.958	0.00308774
1.959	0.00308733
1.96	0.00308692
1.961	0.00308651
1.962	0.0030861
1.963	0.00308569
1.964	0.00308528
1.965	0.00308487
1.966	0.00308447
1.967	0.00308406
1.968	0.00308366
1.969	0.00308326
1.97	0.00308286
1.971	0.00308245
1.972	0.00308205
1.973	0.00308165
1.974	0.00308125
1.975	0.00308085
1.976	0.00308045
1.977	0.00308004
1.978	0.00307964
1.979	0.00307924
1.98	0.00307883
1.981	0.00307843
1.982	0.00307802
1.983	0.00307761
1.984	0.0030772
1.985	0.00307679
1.986	0.00307638
1.987	0.00307597
1.988	0.00307556
1.989	0.00307515
1.99	0.00307474
1.991	0.00307433
1.992	0.00307391
1.993	0.0030735
1.994	0.00307309
1.995	0.00307268
1.996	0.00307227
1.997	0.00307186
1.998	0.00307145
1.999	0.00307104
2	0.00307064
10	0.00307064