0	0
0.001	0
0.002	0
0.003	0
0.004	0
0.005	0
0.006	0
0.007	0
0.008	0
0.009	0
0.01	0
0.011	-5.40282E-022
0.012	-2.31894E-019
0.013	-1.86562E-017
0.014	-6.69255E-016
0.015	-1.42281E-014
0.016	-2.06822E-013
0.017	-2.23926E-012
0.018	-1.91084E-011
0.019	-1.33744E-010
0.02	-7.90779E-010
0.021	-4.03969E-009
0.022	-1.81488E-008
0.023	-7.27338E-008
0.024	-2.63071E-007
0.025	-8.67084E-007
0.026	-2.62569E-006
0.027	-7.35595E-006
0.028	-1.91798E-005
0.029	-4.67865E-005
0.03	-0.000107263
0.031	-0.000232054
0.032	-0.000475442
0.033	-0.000925508
0.034	-0.00171677
0.035	-0.00304262
0.036	-0.00516485
0.037	-0.0084164
0.038	-0.0131939
0.039	-0.0199371
0.04	-0.0290945
0.041	-0.0410769
0.042	-0.0562045
0.043	-0.074655
0.044	-0.0964204
0.045	-0.121284
0.046	-0.148822
0.047	-0.178428
0.048	-0.20937
0.049	-0.240858
0.05	-0.272126
0.051	-0.302504
0.052	-0.331475
0.053	-0.358707
0.054	-0.384054
0.055	-0.407526
0.056	-0.429227
0.057	-0.449299
0.058	-0.467836
0.059	-0.484858
0.06	-0.500247
0.061	-0.513777
0.062	-0.525134
0.063	-0.533973
0.064	-0.539995
0.065	-0.543022
0.066	-0.543047
0.067	-0.54028
0.068	-0.535142
0.069	-0.528246
0.07	-0.520354
0.071	-0.51229
0.072	-0.504895
0.073	-0.498941
0.074	-0.495111
0.075	-0.493972
0.076	-0.495967
0.077	-0.501446
0.078	-0.510686
0.079	-0.52392
0.08	-0.541346
0.081	-0.56313
0.082	-0.589376
0.083	-0.620059
0.084	-0.654946
0.085	-0.693498
0.086	-0.734762
0.087	-0.77729
0.088	-0.819055
0.089	-0.857378
0.09	-0.889024
0.091	-0.910168
0.092	-0.916604
0.093	-0.903849
0.094	-0.867404
0.095	-0.802902
0.096	-0.706428
0.097	-0.57463
0.098	-0.404827
0.099	-0.195157
0.1	0.0554269
0.101	0.347244
0.102	0.679768
0.103	1.05184
0.104	1.46159
0.105	1.90653
0.106	2.38364
0.107	2.88915
0.108	3.4187
0.109	3.96718
0.11	4.52901
0.111	5.09796
0.112	5.66729
0.113	6.22997
0.114	6.77895
0.115	7.30702
0.116	7.80756
0.117	8.27442
0.118	8.702
0.119	9.08583
0.12	9.42217
0.121	9.70825
0.122	9.94229
0.123	10.1232
0.124	10.2508
0.125	10.3253
0.126	10.3477
0.127	10.3191
0.128	10.2413
0.129	10.1162
0.13	9.94636
0.131	9.73419
0.132	9.48257
0.133	9.19455
0.134	8.87319
0.135	8.52157
0.136	8.14281
0.137	7.73964
0.138	7.31469
0.139	6.87036
0.14	6.40843
0.141	5.93059
0.142	5.43812
0.143	4.9321
0.144	4.41336
0.145	3.88264
0.146	3.34069
0.147	2.78811
0.148	2.22566
0.149	1.65411
0.15	1.07442
0.151	0.487853
0.152	-0.104138
0.153	-0.699673
0.154	-1.29657
0.155	-1.89218
0.156	-2.48379
0.157	-3.06813
0.158	-3.64223
0.159	-4.20276
0.16	-4.74672
0.161	-5.27119
0.162	-5.77348
0.163	-6.2512
0.164	-6.7021
0.165	-7.12433
0.166	-7.51614
0.167	-7.8758
0.168	-8.20173
0.169	-8.49232
0.17	-8.74614
0.171	-8.96167
0.172	-9.13764
0.173	-9.27296
0.174	-9.36668
0.175	-9.41834
0.176	-9.42762
0.177	-9.39462
0.178	-9.31985
0.179	-9.20397
0.18	-9.04796
0.181	-8.853
0.182	-8.62033
0.183	-8.35142
0.184	-8.04792
0.185	-7.71162
0.186	-7.34467
0.187	-6.94939
0.188	-6.52854
0.189	-6.08524
0.19	-5.6231
0.191	-5.14609
0.192	-4.65873
0.193	-4.16582
0.194	-3.67254
0.195	-3.18419
0.196	-2.70621
0.197	-2.24406
0.198	-1.80303
0.199	-1.38813
0.2	-1.00398
0.201	-0.654618
0.202	-0.34343
0.203	-0.0729638
0.204	0.155112
0.205	0.34011
0.206	0.482381
0.207	0.583254
0.208	0.645072
0.209	0.671071
0.21	0.665235
0.211	0.632173
0.212	0.576966
0.213	0.504916
0.214	0.421411
0.215	0.331703
0.216	0.240731
0.217	0.153
0.218	0.0724254
0.219	0.00224538
0.22	-0.0550731
0.221	-0.0978574
0.222	-0.125245
0.223	-0.137165
0.224	-0.134275
0.225	-0.117887
0.226	-0.0898562
0.227	-0.0524669
0.228	-0.00827958
0.229	0.0400068
0.23	0.0897045
0.231	0.138258
0.232	0.183373
0.233	0.223117
0.234	0.255972
0.235	0.280891
0.236	0.297301
0.237	0.305088
0.238	0.304579
0.239	0.296463
0.24	0.281732
0.241	0.261602
0.242	0.237435
0.243	0.210657
0.244	0.182687
0.245	0.154867
0.246	0.128399
0.247	0.104311
0.248	0.0834195
0.249	0.0663197
0.25	0.0533721
0.251	0.0447217
0.252	0.0403141
0.253	0.0399334
0.254	0.0432329
0.255	0.0497895
0.256	0.0591314
0.257	0.0707877
0.258	0.0843081
0.259	0.0992956
0.26	0.115402
0.261	0.132343
0.262	0.14988
0.263	0.167806
0.264	0.18593
0.265	0.204059
0.266	0.22198
0.267	0.239442
0.268	0.256161
0.269	0.271801
0.27	0.286002
0.271	0.298394
0.272	0.308612
0.273	0.316326
0.274	0.321268
0.275	0.323248
0.276	0.322194
0.277	0.318148
0.278	0.311297
0.279	0.301947
0.28	0.290532
0.281	0.277588
0.282	0.263745
0.283	0.249679
0.284	0.236079
0.285	0.223617
0.286	0.2129
0.287	0.204442
0.288	0.19862
0.289	0.195667
0.29	0.195638
0.291	0.198405
0.292	0.203672
0.293	0.210969
0.294	0.219694
0.295	0.229122
0.296	0.238452
0.297	0.246845
0.298	0.253457
0.299	0.257483
0.3	0.258198
0.301	0.254978
0.302	0.247335
0.303	0.234921
0.304	0.217555
0.305	0.195202
0.306	0.16799
0.307	0.136175
0.308	0.100133
0.309	0.0603361
0.31	0.0173206
0.311	-0.0283302
0.312	-0.0760236
0.313	-0.125166
0.314	-0.17519
0.315	-0.225574
0.316	-0.275849
0.317	-0.325606
0.318	-0.3745
0.319	-0.422246
0.32	-0.468602
0.321	-0.513372
0.322	-0.556382
0.323	-0.597482
0.324	-0.636528
0.325	-0.673367
0.326	-0.707844
0.327	-0.739775
0.328	-0.76897
0.329	-0.795205
0.33	-0.818249
0.331	-0.837861
0.332	-0.853806
0.333	-0.865858
0.334	-0.873806
0.335	-0.877477
0.336	-0.876729
0.337	-0.871482
0.338	-0.861697
0.339	-0.847395
0.34	-0.828648
0.341	-0.805588
0.342	-0.778387
0.343	-0.747262
0.344	-0.712462
0.345	-0.674256
0.346	-0.632939
0.347	-0.588807
0.348	-0.542161
0.349	-0.493299
0.35	-0.442492
0.351	-0.390017
0.352	-0.33613
0.353	-0.28107
0.354	-0.225058
0.355	-0.168317
0.356	-0.11104
0.357	-0.0534259
0.358	0.00433444
0.359	0.0620587
0.36	0.119568
0.361	0.176668
0.362	0.233177
0.363	0.288905
0.364	0.343651
0.365	0.397217
0.366	0.449393
0.367	0.499965
0.368	0.548724
0.369	0.595455
0.37	0.639943
0.371	0.682
0.372	0.72143
0.373	0.758063
0.374	0.791725
0.375	0.822269
0.376	0.849566
0.377	0.873499
0.378	0.893993
0.379	0.910968
0.38	0.92437
0.381	0.934164
0.382	0.940332
0.383	0.942859
0.384	0.941779
0.385	0.93712
0.386	0.928954
0.387	0.917355
0.388	0.902424
0.389	0.884277
0.39	0.86306
0.391	0.838943
0.392	0.812123
0.393	0.782805
0.394	0.751226
0.395	0.717635
0.396	0.682296
0.397	0.645474
0.398	0.607457
0.399	0.56853
0.4	0.528968
0.401	0.489068
0.402	0.449104
0.403	0.409352
0.404	0.370071
0.405	0.33151
0.406	0.293908
0.407	0.257481
0.408	0.222426
0.409	0.188915
0.41	0.157108
0.411	0.127136
0.412	0.0991118
0.413	0.0731155
0.414	0.0492015
0.415	0.0274017
0.416	0.00771333
0.417	-0.00988758
0.418	-0.0254547
0.419	-0.0390616
0.42	-0.0508098
0.421	-0.0608213
0.422	-0.0692398
0.423	-0.0762278
0.424	-0.0819485
0.425	-0.0865714
0.426	-0.0902745
0.427	-0.0932338
0.428	-0.0956197
0.429	-0.0975955
0.43	-0.0993161
0.431	-0.10091
0.432	-0.102484
0.433	-0.104127
0.434	-0.105894
0.435	-0.107811
0.436	-0.109884
0.437	-0.112095
0.438	-0.114407
0.439	-0.116758
0.44	-0.119078
0.441	-0.121274
0.442	-0.123261
0.443	-0.124955
0.444	-0.12627
0.445	-0.127138
0.446	-0.127507
0.447	-0.127343
0.448	-0.126628
0.449	-0.125368
0.45	-0.123589
0.451	-0.121338
0.452	-0.118679
0.453	-0.115687
0.454	-0.11245
0.455	-0.109058
0.456	-0.105612
0.457	-0.1022
0.458	-0.0989164
0.459	-0.0958445
0.46	-0.0930596
0.461	-0.090616
0.462	-0.088553
0.463	-0.0868964
0.464	-0.0856474
0.465	-0.0847933
0.466	-0.0843012
0.467	-0.084119
0.468	-0.0841793
0.469	-0.08439
0.47	-0.0846572
0.471	-0.0848755
0.472	-0.0849325
0.473	-0.0847264
0.474	-0.084156
0.475	-0.0831419
0.476	-0.0816165
0.477	-0.0795339
0.478	-0.0768786
0.479	-0.073659
0.48	-0.0699086
0.481	-0.065688
0.482	-0.0610809
0.483	-0.0561921
0.484	-0.0511451
0.485	-0.0460692
0.486	-0.0410991
0.487	-0.0363652
0.488	-0.0320028
0.489	-0.0281385
0.49	-0.0248786
0.491	-0.0223169
0.492	-0.0205288
0.493	-0.0195709
0.494	-0.019475
0.495	-0.0202484
0.496	-0.0218755
0.497	-0.0243192
0.498	-0.0275157
0.499	-0.0313897
0.5	-0.0358414
0.501	-0.0407458
0.502	-0.0459776
0.503	-0.0513953
0.504	-0.0568578
0.505	-0.0622222
0.506	-0.0673495
0.507	-0.0721069
0.508	-0.0763731
0.509	-0.0800372
0.51	-0.0830026
0.511	-0.0851902
0.512	-0.0865305
0.513	-0.086968
0.514	-0.0864682
0.515	-0.0850033
0.516	-0.0825665
0.517	-0.0791555
0.518	-0.0747871
0.519	-0.0694824
0.52	-0.0632792
0.521	-0.0562262
0.522	-0.0483711
0.523	-0.0397655
0.524	-0.0304539
0.525	-0.0204861
0.526	-0.00989587
0.527	0.00127332
0.528	0.0129916
0.529	0.0252268
0.53	0.0379565
0.531	0.0511582
0.532	0.0648007
0.533	0.0788493
0.534	0.0932735
0.535	0.108028
0.536	0.123055
0.537	0.138292
0.538	0.153672
0.539	0.169108
0.54	0.184511
0.541	0.199782
0.542	0.214827
0.543	0.229541
0.544	0.243825
0.545	0.257579
0.546	0.270699
0.547	0.283089
0.548	0.294654
0.549	0.3053
0.55	0.314938
0.551	0.323495
0.552	0.330903
0.553	0.337105
0.554	0.342051
0.555	0.345701
0.556	0.348024
0.557	0.348999
0.558	0.348625
0.559	0.346893
0.56	0.34382
0.561	0.339421
0.562	0.333724
0.563	0.326761
0.564	0.318573
0.565	0.309204
0.566	0.2987
0.567	0.287121
0.568	0.274516
0.569	0.260951
0.57	0.246479
0.571	0.231161
0.572	0.215056
0.573	0.198231
0.574	0.180748
0.575	0.162669
0.576	0.14406
0.577	0.124988
0.578	0.105523
0.579	0.0857398
0.58	0.0657175
0.581	0.0455415
0.582	0.0252897
0.583	0.00506114
0.584	-0.0150476
0.585	-0.0349361
0.586	-0.0544955
0.587	-0.0736196
0.588	-0.0922018
0.589	-0.110123
0.59	-0.127283
0.591	-0.14358
0.592	-0.158919
0.593	-0.173207
0.594	-0.186358
0.595	-0.198307
0.596	-0.208986
0.597	-0.218348
0.598	-0.226361
0.599	-0.233002
0.6	-0.238269
0.601	-0.242165
0.602	-0.24472
0.603	-0.24597
0.604	-0.24598
0.605	-0.244814
0.606	-0.242552
0.607	-0.239279
0.608	-0.235082
0.609	-0.230063
0.61	-0.224316
0.611	-0.217943
0.612	-0.211034
0.613	-0.203684
0.614	-0.195984
0.615	-0.18802
0.616	-0.17987
0.617	-0.171606
0.618	-0.163284
0.619	-0.154956
0.62	-0.146666
0.621	-0.138449
0.622	-0.130332
0.623	-0.122338
0.624	-0.114488
0.625	-0.106792
0.626	-0.099257
0.627	-0.091886
0.628	-0.0846882
0.629	-0.0776732
0.63	-0.0708449
0.631	-0.0642194
0.632	-0.0578004
0.633	-0.0516106
0.634	-0.0456577
0.635	-0.0399645
0.636	-0.0345552
0.637	-0.0294538
0.638	-0.0246839
0.639	-0.0202736
0.64	-0.0162529
0.641	-0.0126463
0.642	-0.00947374
0.643	-0.00674818
0.644	-0.00448263
0.645	-0.00268826
0.646	-0.0013694
0.647	-0.00051856
0.648	-0.000122173
0.649	-0.000156196
0.65	-0.000589147
0.651	-0.00138259
0.652	-0.00249411
0.653	-0.00387313
0.654	-0.00546262
0.655	-0.00721256
0.656	-0.0090628
0.657	-0.0109543
0.658	-0.0128322
0.659	-0.0146394
0.66	-0.0163284
0.661	-0.0178509
0.662	-0.0191635
0.663	-0.0202378
0.664	-0.0210444
0.665	-0.0215694
0.666	-0.0218023
0.667	-0.0217461
0.668	-0.0214123
0.669	-0.0208247
0.67	-0.0200068
0.671	-0.0189872
0.672	-0.0177997
0.673	-0.0164832
0.674	-0.0150823
0.675	-0.0136332
0.676	-0.0121748
0.677	-0.0107427
0.678	-0.0093714
0.679	-0.00809273
0.68	-0.00693265
0.681	-0.00591002
0.682	-0.00504617
0.683	-0.00434975
0.684	-0.00382382
0.685	-0.00346771
0.686	-0.00326804
0.687	-0.00321262
0.688	-0.00328366
0.689	-0.00345815
0.69	-0.00371192
0.691	-0.00401986
0.692	-0.00435689
0.693	-0.00469606
0.694	-0.00501559
0.695	-0.00529209
0.696	-0.00550389
0.697	-0.00563542
0.698	-0.00567629
0.699	-0.00561484
0.7	-0.00544819
0.701	-0.00517609
0.702	-0.00480669
0.703	-0.00434963
0.704	-0.00381566
0.705	-0.00322456
0.706	-0.00260367
0.707	-0.00197336
0.708	-0.00136606
0.709	-0.000807968
0.71	-0.000329503
0.711	4.40835E-005
0.712	0.000283193
0.713	0.000366279
0.714	0.000267095
0.715	-3.64533E-005
0.716	-0.000559521
0.717	-0.00131557
0.718	-0.00231403
0.719	-0.00355791
0.72	-0.00505073
0.721	-0.00679119
0.722	-0.00877384
0.723	-0.010988
0.724	-0.0134167
0.725	-0.0160439
0.726	-0.0188462
0.727	-0.0218017
0.728	-0.0248872
0.729	-0.0280786
0.73	-0.0313538
0.731	-0.0346819
0.732	-0.0380319
0.733	-0.0413817
0.734	-0.0447009
0.735	-0.0479663
0.736	-0.0511628
0.737	-0.0542651
0.738	-0.0572542
0.739	-0.0601094
0.74	-0.0628172
0.741	-0.0653664
0.742	-0.0677451
0.743	-0.0699445
0.744	-0.0719572
0.745	-0.0737729
0.746	-0.0753874
0.747	-0.0767947
0.748	-0.0779941
0.749	-0.078987
0.75	-0.0797719
0.751	-0.0803473
0.752	-0.0807135
0.753	-0.0808667
0.754	-0.0808109
0.755	-0.0805437
0.756	-0.0800633
0.757	-0.0793702
0.758	-0.0784637
0.759	-0.0773517
0.76	-0.0760311
0.761	-0.0745059
0.762	-0.0727819
0.763	-0.070857
0.764	-0.0687285
0.765	-0.0663955
0.766	-0.0638601
0.767	-0.0611227
0.768	-0.0581861
0.769	-0.0550569
0.77	-0.0517362
0.771	-0.0482266
0.772	-0.0445316
0.773	-0.0406562
0.774	-0.0366019
0.775	-0.0323714
0.776	-0.0279742
0.777	-0.0234157
0.778	-0.0187054
0.779	-0.0138531
0.78	-0.00887354
0.781	-0.00377919
0.782	0.00141347
0.783	0.00668999
0.784	0.0120299
0.785	0.0174065
0.786	0.0227917
0.787	0.0281681
0.788	0.0335108
0.789	0.0387899
0.79	0.0439754
0.791	0.0490358
0.792	0.0539397
0.793	0.0586549
0.794	0.0631541
0.795	0.0674071
0.796	0.0713877
0.797	0.0750735
0.798	0.0784374
0.799	0.0814597
0.8	0.084125
0.801	0.0864203
0.802	0.0883359
0.803	0.0898713
0.804	0.0910259
0.805	0.0917998
0.806	0.0922021
0.807	0.0922461
0.808	0.091943
0.809	0.0913099
0.81	0.0903677
0.811	0.0891441
0.812	0.087666
0.813	0.0859585
0.814	0.0840508
0.815	0.0819707
0.816	0.0797374
0.817	0.0773857
0.818	0.0749359
0.819	0.0724152
0.82	0.0698426
0.821	0.0672373
0.822	0.064613
0.823	0.0619762
0.824	0.0593336
0.825	0.0566833
0.826	0.0540307
0.827	0.0513781
0.828	0.0487185
0.829	0.0460511
0.83	0.0433723
0.831	0.0406686
0.832	0.0379411
0.833	0.0351808
0.834	0.0323856
0.835	0.0295514
0.836	0.0266769
0.837	0.023763
0.838	0.0208127
0.839	0.0178271
0.84	0.0148171
0.841	0.0117873
0.842	0.00875395
0.843	0.00573702
0.844	0.00274578
0.845	-0.000194254
0.846	-0.00306398
0.847	-0.00583946
0.848	-0.0085045
0.849	-0.0110402
0.85	-0.013426
0.851	-0.0156446
0.852	-0.0176789
0.853	-0.0195166
0.854	-0.0211506
0.855	-0.0225685
0.856	-0.0237701
0.857	-0.0247542
0.858	-0.0255221
0.859	-0.0260823
0.86	-0.0264449
0.861	-0.0266217
0.862	-0.0266274
0.863	-0.0264768
0.864	-0.0261904
0.865	-0.0257879
0.866	-0.0252937
0.867	-0.0247311
0.868	-0.0241231
0.869	-0.0234935
0.87	-0.0228602
0.871	-0.0222431
0.872	-0.021658
0.873	-0.0211188
0.874	-0.020645
0.875	-0.0202407
0.876	-0.0199159
0.877	-0.0196715
0.878	-0.0195074
0.879	-0.0194174
0.88	-0.0193974
0.881	-0.0194381
0.882	-0.0195272
0.883	-0.0196457
0.884	-0.0197809
0.885	-0.0199146
0.886	-0.0200306
0.887	-0.0201153
0.888	-0.0201527
0.889	-0.0201274
0.89	-0.020025
0.891	-0.0198357
0.892	-0.0195537
0.893	-0.0191758
0.894	-0.0186984
0.895	-0.0181223
0.896	-0.0174528
0.897	-0.0166941
0.898	-0.0158591
0.899	-0.0149579
0.9	-0.0140068
0.901	-0.0130216
0.902	-0.012023
0.903	-0.0110274
0.904	-0.0100565
0.905	-0.00912947
0.906	-0.008258
0.907	-0.00745989
0.908	-0.00674411
0.909	-0.00612681
0.91	-0.00561287
0.911	-0.00520989
0.912	-0.00492387
0.913	-0.00475118
0.914	-0.00468977
0.915	-0.0047349
0.916	-0.00488261
0.917	-0.00512597
0.918	-0.00545384
0.919	-0.00585844
0.92	-0.00632531
0.921	-0.00684952
0.922	-0.00741218
0.923	-0.00800405
0.924	-0.00861175
0.925	-0.00921825
0.926	-0.00981651
0.927	-0.0103903
0.928	-0.0109366
0.929	-0.0114438
0.93	-0.0119086
0.931	-0.012319
0.932	-0.0126685
0.933	-0.0129546
0.934	-0.0131734
0.935	-0.0133212
0.936	-0.0133986
0.937	-0.0134012
0.938	-0.013328
0.939	-0.0131851
0.94	-0.012968
0.941	-0.0126764
0.942	-0.0123145
0.943	-0.0118838
0.944	-0.0113878
0.945	-0.0108271
0.946	-0.0102127
0.947	-0.00955346
0.948	-0.00885799
0.949	-0.00813174
0.95	-0.00738289
0.951	-0.00662915
0.952	-0.00587755
0.953	-0.00514352
0.954	-0.00443749
0.955	-0.00376272
0.956	-0.00312729
0.957	-0.0025433
0.958	-0.00201465
0.959	-0.00154488
0.96	-0.00113806
0.961	-0.000786493
0.962	-0.000488343
0.963	-0.000230545
0.964	-4.03912E-006
0.965	0.000196382
0.966	0.000382072
0.967	0.000560136
0.968	0.000743561
0.969	0.000944127
0.97	0.00118197
0.971	0.00146814
0.972	0.00181928
0.973	0.00224703
0.974	0.00275769
0.975	0.00336137
0.976	0.00405752
0.977	0.00484712
0.978	0.00572072
0.979	0.00666959
0.98	0.00768279
0.981	0.00875087
0.982	0.00985703
0.983	0.0109807
0.984	0.0120966
0.985	0.0131761
0.986	0.0141862
0.987	0.0151098
0.988	0.01593
0.989	0.0166234
0.99	0.0171704
0.991	0.0175531
0.992	0.0177636
0.993	0.0177874
0.994	0.0176195
0.995	0.0172642
0.996	0.0167247
0.997	0.0160146
0.998	0.0151505
0.999	0.014147
1	0.0130313
1.001	0.0118246
1.002	0.0105574
1.003	0.00925652
1.004	0.00795173
1.005	0.00667006
1.006	0.00543647
1.007	0.0042798
1.008	0.00321873
1.009	0.00227254
1.01	0.00145948
1.011	0.000786692
1.012	0.000266442
1.013	-0.000104763
1.014	-0.000325131
1.015	-0.000403097
1.016	-0.000346063
1.017	-0.000167915
1.018	0.000111101
1.019	0.000471515
1.02	0.000883882
1.021	0.00133033
1.022	0.00178215
1.023	0.00221865
1.024	0.00261552
1.025	0.00295231
1.026	0.00320682
1.027	0.00336544
1.028	0.00341288
1.029	0.00334492
1.03	0.00315645
1.031	0.0028446
1.032	0.00241448
1.033	0.00186742
1.034	0.00121633
1.035	0.000466293
1.036	-0.000363277
1.037	-0.00126105
1.038	-0.00220264
1.039	-0.00317225
1.04	-0.00414297
1.041	-0.00509561
1.042	-0.00601173
1.043	-0.00687233
1.044	-0.00766374
1.045	-0.00836689
1.046	-0.0089689
1.047	-0.00945616
1.048	-0.00982387
1.049	-0.0100685
1.05	-0.0101868
1.051	-0.0101835
1.052	-0.0100598
1.053	-0.0098256
1.054	-0.00948859
1.055	-0.00905941
1.056	-0.00855293
1.057	-0.0079812
1.058	-0.00736832
1.059	-0.00673415
1.06	-0.00609535
1.061	-0.00547447
1.062	-0.00488158
1.063	-0.00433902
1.064	-0.00386229
1.065	-0.00346223
1.066	-0.0031574
1.067	-0.0029537
1.068	-0.00286023
1.069	-0.00287912
1.07	-0.00301157
1.071	-0.00326023
1.072	-0.00361516
1.073	-0.00406976
1.074	-0.00461001
1.075	-0.00522077
1.076	-0.00588218
1.077	-0.0065782
1.078	-0.00728934
1.079	-0.00799464
1.08	-0.0086757
1.081	-0.00931087
1.082	-0.0098746
1.083	-0.0103444
1.084	-0.0107071
1.085	-0.0109505
1.086	-0.0110655
1.087	-0.0110417
1.088	-0.0108757
1.089	-0.0105687
1.09	-0.0101244
1.091	-0.00955147
1.092	-0.00885405
1.093	-0.00805179
1.094	-0.0071661
1.095	-0.0062124
1.096	-0.00521438
1.097	-0.0041898
1.098	-0.00316695
1.099	-0.00217646
1.1	-0.00124126
1.101	-0.000387133
1.102	0.000372566
1.103	0.00102253
1.104	0.00154934
1.105	0.00193947
1.106	0.00218154
1.107	0.00227089
1.108	0.00220774
1.109	0.00200122
1.11	0.00165725
1.111	0.001187
1.112	0.000610338
1.113	-5.45961E-005
1.114	-0.000788738
1.115	-0.00157448
1.116	-0.00239192
1.117	-0.0032203
1.118	-0.00403223
1.119	-0.00480098
1.12	-0.00550439
1.121	-0.00612865
1.122	-0.00665762
1.123	-0.00708595
1.124	-0.00740002
1.125	-0.00759424
1.126	-0.00766482
1.127	-0.00761602
1.128	-0.00745505
1.129	-0.00718686
1.13	-0.00682221
1.131	-0.0063766
1.132	-0.00587568
1.133	-0.00534154
1.134	-0.00479402
1.135	-0.00425131
1.136	-0.00372886
1.137	-0.0032441
1.138	-0.00280926
1.139	-0.00244294
1.14	-0.00215547
1.141	-0.00195525
1.142	-0.00185314
1.143	-0.00185905
1.144	-0.00197197
1.145	-0.00218833
1.146	-0.00250227
1.147	-0.00290662
1.148	-0.00339369
1.149	-0.00394974
1.15	-0.00455884
1.151	-0.00520506
1.152	-0.00586984
1.153	-0.00653413
1.154	-0.00717954
1.155	-0.00779643
1.156	-0.00836711
1.157	-0.00887772
1.158	-0.00931129
1.159	-0.00965668
1.16	-0.00990244
1.161	-0.010044
1.162	-0.0100813
1.163	-0.010018
1.164	-0.00986018
1.165	-0.00960998
1.166	-0.00927503
1.167	-0.00885996
1.168	-0.00837237
1.169	-0.00781994
1.17	-0.0072165
1.171	-0.00657763
1.172	-0.00592467
1.173	-0.00527217
1.174	-0.00462592
1.175	-0.00400072
1.176	-0.00340839
1.177	-0.00286271
1.178	-0.00237442
1.179	-0.00194884
1.18	-0.00158985
1.181	-0.00130271
1.182	-0.00109134
1.183	-0.000951178
1.184	-0.000879682
1.185	-0.000872622
1.186	-0.000928269
1.187	-0.0010364
1.188	-0.00119189
1.189	-0.00138642
1.19	-0.00161252
1.191	-0.00186064
1.192	-0.00212225
1.193	-0.00238609
1.194	-0.00263393
1.195	-0.00285675
1.196	-0.00304843
1.197	-0.00320114
1.198	-0.00330388
1.199	-0.00335394
1.2	-0.00334834
1.201	-0.00328286
1.202	-0.00315796
1.203	-0.00297559
1.204	-0.00274133
1.205	-0.00245504
1.206	-0.0021285
1.207	-0.00176475
1.208	-0.00136832
1.209	-0.000948479
1.21	-0.000515222
1.211	-7.67549E-005
1.212	0.000363567
1.213	0.000794915
1.214	0.00120888
1.215	0.00159914
1.216	0.00195748
1.217	0.00227549
1.218	0.00254923
1.219	0.00276875
1.22	0.00293158
1.221	0.00303409
1.222	0.00307491
1.223	0.00305816
1.224	0.00298676
1.225	0.00285816
1.226	0.00267718
1.227	0.0024447
1.228	0.00217265
1.229	0.00186615
1.23	0.00153346
1.231	0.00117925
1.232	0.000806491
1.233	0.000429371
1.234	5.57295E-005
1.235	-0.000306293
1.236	-0.000650705
1.237	-0.000968655
1.238	-0.00125815
1.239	-0.00151559
1.24	-0.0017322
1.241	-0.00190728
1.242	-0.00203763
1.243	-0.00211757
1.244	-0.00214808
1.245	-0.0021344
1.246	-0.00207028
1.247	-0.00196461
1.248	-0.00181961
1.249	-0.00164284
1.25	-0.00143907
1.251	-0.0012139
1.252	-0.000973044
1.253	-0.000725342
1.254	-0.00048153
1.255	-0.000246169
1.256	-2.82506E-005
1.257	0.000163724
1.258	0.00032619
1.259	0.000460846
1.26	0.000557156
1.261	0.000609738
1.262	0.000614462
1.263	0.0005735
1.264	0.000486359
1.265	0.000354727
1.266	0.0001791
1.267	-4.15246E-005
1.268	-0.000301445
1.269	-0.000593835
1.27	-0.00091216
1.271	-0.00125063
1.272	-0.00160003
1.273	-0.00195479
1.274	-0.00230967
1.275	-0.00266238
1.276	-0.00299958
1.277	-0.00331492
1.278	-0.00359958
1.279	-0.00384716
1.28	-0.00405295
1.281	-0.00421417
1.282	-0.00432082
1.283	-0.00437423
1.284	-0.00437893
1.285	-0.00433309
1.286	-0.00424304
1.287	-0.00410412
1.288	-0.00391879
1.289	-0.00369653
1.29	-0.00344348
1.291	-0.00315897
1.292	-0.00285386
1.293	-0.00253474
1.294	-0.00221164
1.295	-0.00189815
1.296	-0.00159604
1.297	-0.00131371
1.298	-0.00105997
1.299	-0.000840887
1.3	-0.000667235
1.301	-0.000539534
1.302	-0.000460765
1.303	-0.000439404
1.304	-0.000471979
1.305	-0.000558862
1.306	-0.000700905
1.307	-0.000893497
1.308	-0.00113478
1.309	-0.00141903
1.31	-0.00173552
1.311	-0.00207938
1.312	-0.00244268
1.313	-0.00282037
1.314	-0.00319529
1.315	-0.00356436
1.316	-0.00391649
1.317	-0.00424106
1.318	-0.00453236
1.319	-0.00478252
1.32	-0.00498429
1.321	-0.00513006
1.322	-0.00521693
1.323	-0.00524354
1.324	-0.00520662
1.325	-0.00510704
1.326	-0.0049456
1.327	-0.00472604
1.328	-0.0044496
1.329	-0.0041299
1.33	-0.00377018
1.331	-0.0033845
1.332	-0.00298208
1.333	-0.00257278
1.334	-0.00217049
1.335	-0.00178241
1.336	-0.00142045
1.337	-0.00109239
1.338	-0.000808531
1.339	-0.000577015
1.34	-0.000401375
1.341	-0.000290586
1.342	-0.00024772
1.343	-0.000275745
1.344	-0.000373716
1.345	-0.000539528
1.346	-0.000768154
1.347	-0.00105572
1.348	-0.00139305
1.349	-0.00176958
1.35	-0.00217829
1.351	-0.00260518
1.352	-0.00304134
1.353	-0.00347238
1.354	-0.00388657
1.355	-0.00427626
1.356	-0.00463246
1.357	-0.00494254
1.358	-0.00519814
1.359	-0.00539346
1.36	-0.00552163
1.361	-0.00557831
1.362	-0.00556259
1.363	-0.00547025
1.364	-0.00530445
1.365	-0.00507051
1.366	-0.00477207
1.367	-0.00441697
1.368	-0.00401902
1.369	-0.00358159
1.37	-0.00312205
1.371	-0.00264772
1.372	-0.00217379
1.373	-0.00171548
1.374	-0.0012849
1.375	-0.000891263
1.376	-0.000547491
1.377	-0.000258105
1.378	-3.10982E-005
1.379	0.000129179
1.38	0.000219787
1.381	0.000235774
1.382	0.000175113
1.383	3.7897E-005
1.384	-0.000171744
1.385	-0.000445221
1.386	-0.000773103
1.387	-0.00114369
1.388	-0.00154959
1.389	-0.00197671
1.39	-0.00241299
1.391	-0.00284598
1.392	-0.00326167
1.393	-0.00364804
1.394	-0.00398801
1.395	-0.00427418
1.396	-0.00449792
1.397	-0.00465581
1.398	-0.00474518
1.399	-0.00475724
1.4	-0.004693
1.401	-0.00455336
1.402	-0.00434243
1.403	-0.0040678
1.404	-0.00373343
1.405	-0.00334978
1.406	-0.00292644
1.407	-0.00247572
1.408	-0.00201275
1.409	-0.00154551
1.41	-0.00108721
1.411	-0.000649259
1.412	-0.000243592
1.413	0.00011889
1.414	0.000427473
1.415	0.000675492
1.416	0.000857614
1.417	0.000972541
1.418	0.00101617
1.419	0.000985062
1.42	0.000880186
1.421	0.000710342
1.422	0.000473891
1.423	0.000183398
1.424	-0.000156868
1.425	-0.000535822
1.426	-0.000941319
1.427	-0.00136121
1.428	-0.0017856
1.429	-0.00220416
1.43	-0.00259925
1.431	-0.00296448
1.432	-0.00329403
1.433	-0.00358224
1.434	-0.00381714
1.435	-0.00399431
1.436	-0.00411247
1.437	-0.00416663
1.438	-0.0041561
1.439	-0.00408264
1.44	-0.00395154
1.441	-0.00376996
1.442	-0.00353933
1.443	-0.00327034
1.444	-0.00297076
1.445	-0.0026532
1.446	-0.00231906
1.447	-0.00197847
1.448	-0.00164295
1.449	-0.00132297
1.45	-0.00102794
1.451	-0.000767554
1.452	-0.000547621
1.453	-0.000373016
1.454	-0.000246698
1.455	-0.000174963
1.456	-0.000156676
1.457	-0.000197444
1.458	-0.000292909
1.459	-0.000439043
1.46	-0.00063248
1.461	-0.000871056
1.462	-0.00114281
1.463	-0.00144351
1.464	-0.00176528
1.465	-0.00210253
1.466	-0.00244112
1.467	-0.0027777
1.468	-0.00309908
1.469	-0.0033966
1.47	-0.00366517
1.471	-0.00389911
1.472	-0.00409622
1.473	-0.00425115
1.474	-0.0043616
1.475	-0.00442317
1.476	-0.00443532
1.477	-0.00439245
1.478	-0.00430306
1.479	-0.00416993
1.48	-0.00399795
1.481	-0.00378825
1.482	-0.00354895
1.483	-0.00328455
1.484	-0.00300416
1.485	-0.00271695
1.486	-0.0024274
1.487	-0.00214251
1.488	-0.00186925
1.489	-0.00161521
1.49	-0.00138036
1.491	-0.00117566
1.492	-0.00100438
1.493	-0.000870749
1.494	-0.000772831
1.495	-0.000716361
1.496	-0.000705226
1.497	-0.000736311
1.498	-0.000801051
1.499	-0.000901888
1.5	-0.00103621
1.501	-0.00119858
1.502	-0.00138163
1.503	-0.00158122
1.504	-0.00179058
1.505	-0.00200724
1.506	-0.0022238
1.507	-0.00243678
1.508	-0.00263915
1.509	-0.00282878
1.51	-0.00299671
1.511	-0.00313988
1.512	-0.00325343
1.513	-0.00333813
1.514	-0.00338677
1.515	-0.00340199
1.516	-0.00337941
1.517	-0.00332312
1.518	-0.00323905
1.519	-0.00312544
1.52	-0.00298932
1.521	-0.00283211
1.522	-0.00265492
1.523	-0.00245782
1.524	-0.00225024
1.525	-0.00203663
1.526	-0.00182454
1.527	-0.00162164
1.528	-0.00142944
1.529	-0.00125414
1.53	-0.00109731
1.531	-0.000962157
1.532	-0.000849635
1.533	-0.000763229
1.534	-0.000706844
1.535	-0.000684914
1.536	-0.000693743
1.537	-0.000733173
1.538	-0.000804286
1.539	-0.000901455
1.54	-0.00102899
1.541	-0.001177
1.542	-0.00134455
1.543	-0.00152914
1.544	-0.00172759
1.545	-0.00193326
1.546	-0.00214307
1.547	-0.00235144
1.548	-0.00255779
1.549	-0.00275188
1.55	-0.00293169
1.551	-0.00309268
1.552	-0.00323202
1.553	-0.00334436
1.554	-0.00342874
1.555	-0.00348309
1.556	-0.00351069
1.557	-0.00350809
1.558	-0.00347873
1.559	-0.0034221
1.56	-0.00333978
1.561	-0.00323726
1.562	-0.00311224
1.563	-0.00297238
1.564	-0.00281734
1.565	-0.00265553
1.566	-0.0024874
1.567	-0.00231541
1.568	-0.0021466
1.569	-0.00198466
1.57	-0.00183546
1.571	-0.00169849
1.572	-0.00158041
1.573	-0.00148097
1.574	-0.00140729
1.575	-0.00135778
1.576	-0.0013381
1.577	-0.00134547
1.578	-0.00138091
1.579	-0.00144105
1.58	-0.00152519
1.581	-0.00162763
1.582	-0.001749
1.583	-0.00188601
1.584	-0.00203481
1.585	-0.00219589
1.586	-0.0023669
1.587	-0.0025412
1.588	-0.00271518
1.589	-0.00288868
1.59	-0.00305215
1.591	-0.00319894
1.592	-0.00332679
1.593	-0.00343618
1.594	-0.00352095
1.595	-0.00358091
1.596	-0.0036115
1.597	-0.00361297
1.598	-0.00358667
1.599	-0.00353589
1.6	-0.00345724
1.601	-0.00335578
1.602	-0.00323128
1.603	-0.00308697
1.604	-0.00292619
1.605	-0.00274863
1.606	-0.0025606
1.607	-0.00236731
1.608	-0.00217337
1.609	-0.001979
1.61	-0.00179348
1.611	-0.00162114
1.612	-0.00146634
1.613	-0.00133019
1.614	-0.0012181
1.615	-0.00113131
1.616	-0.00107162
1.617	-0.00103919
1.618	-0.00103618
1.619	-0.0010634
1.62	-0.00112387
1.621	-0.00120981
1.622	-0.00132089
1.623	-0.00145053
1.624	-0.00160188
1.625	-0.00176777
1.626	-0.00194486
1.627	-0.00212881
1.628	-0.0023158
1.629	-0.00250068
1.63	-0.0026778
1.631	-0.00284351
1.632	-0.00299645
1.633	-0.00312872
1.634	-0.003241
1.635	-0.00332727
1.636	-0.00338706
1.637	-0.00341371
1.638	-0.00340843
1.639	-0.00336859
1.64	-0.0032958
1.641	-0.00319408
1.642	-0.00306222
1.643	-0.00290824
1.644	-0.00273318
1.645	-0.00254239
1.646	-0.00233804
1.647	-0.00212162
1.648	-0.00190366
1.649	-0.00169045
1.65	-0.00148723
1.651	-0.00129637
1.652	-0.00112228
1.653	-0.000971889
1.654	-0.000845183
1.655	-0.000747818
1.656	-0.000685291
1.657	-0.000656797
1.658	-0.000662867
1.659	-0.000702058
1.66	-0.000782306
1.661	-0.00089375
1.662	-0.00103451
1.663	-0.00120232
1.664	-0.00139403
1.665	-0.0015991
1.666	-0.00181874
1.667	-0.0020431
1.668	-0.00227224
1.669	-0.00249966
1.67	-0.00271968
1.671	-0.00292612
1.672	-0.00311409
1.673	-0.00327618
1.674	-0.00341042
1.675	-0.00351368
1.676	-0.00358301
1.677	-0.00361151
1.678	-0.00360103
1.679	-0.00355247
1.68	-0.00346756
1.681	-0.00334647
1.682	-0.0031938
1.683	-0.0030141
1.684	-0.00280922
1.685	-0.0025865
1.686	-0.00234662
1.687	-0.00209637
1.688	-0.00184101
1.689	-0.00158788
1.69	-0.00134302
1.691	-0.00111651
1.692	-0.000917496
1.693	-0.00074566
1.694	-0.000603155
1.695	-0.000497913
1.696	-0.00043415
1.697	-0.00040963
1.698	-0.00042702
1.699	-0.00049037
1.7	-0.000591543
1.701	-0.000733714
1.702	-0.000911566
1.703	-0.00112339
1.704	-0.0013573
1.705	-0.00161242
1.706	-0.00188333
1.707	-0.00216329
1.708	-0.00244393
1.709	-0.00271728
1.71	-0.00297896
1.711	-0.00322262
1.712	-0.00343609
1.713	-0.00361817
1.714	-0.00376277
1.715	-0.00386869
1.716	-0.00392944
1.717	-0.0039441
1.718	-0.00390848
1.719	-0.00382516
1.72	-0.00369124
1.721	-0.00351101
1.722	-0.00328797
1.723	-0.00302824
1.724	-0.0027385
1.725	-0.00242929
1.726	-0.00210957
1.727	-0.00179041
1.728	-0.00147022
1.729	-0.00116361
1.73	-0.000880805
1.731	-0.000626394
1.732	-0.000406509
1.733	-0.00022898
1.734	-0.000100668
1.735	-2.18716E-005
1.736	6.49677E-006
1.737	-2.2713E-005
1.738	-0.000105809
1.739	-0.000240462
1.74	-0.0004267
1.741	-0.000660338
1.742	-0.000935386
1.743	-0.00124432
1.744	-0.00157771
1.745	-0.0019305
1.746	-0.00228663
1.747	-0.00264122
1.748	-0.00298544
1.749	-0.00331072
1.75	-0.00360333
1.751	-0.00385839
1.752	-0.00406857
1.753	-0.00422722
1.754	-0.00432776
1.755	-0.0043689
1.756	-0.00435059
1.757	-0.00427581
1.758	-0.00413989
1.759	-0.00394766
1.76	-0.00370521
1.761	-0.00341755
1.762	-0.00309213
1.763	-0.00273823
1.764	-0.00236788
1.765	-0.00199096
1.766	-0.00161205
1.767	-0.00124224
1.768	-0.000898633
1.769	-0.000585329
1.77	-0.000311173
1.771	-8.78052E-005
1.772	7.98249E-005
1.773	0.000188373
1.774	0.00023168
1.775	0.000206355
1.776	0.000120901
1.777	-2.55291E-005
1.778	-0.000230809
1.779	-0.000488569
1.78	-0.000793718
1.781	-0.00113995
1.782	-0.0015114
1.783	-0.00190534
1.784	-0.00230492
1.785	-0.00270106
1.786	-0.00308463
1.787	-0.00344565
1.788	-0.00377481
1.789	-0.00406131
1.79	-0.00430115
1.791	-0.00447987
1.792	-0.00459445
1.793	-0.00464316
1.794	-0.00462152
1.795	-0.00453657
1.796	-0.00438586
1.797	-0.00417408
1.798	-0.00390366
1.799	-0.00358752
1.8	-0.00322924
1.801	-0.00284146
1.802	-0.0024339
1.803	-0.00202172
1.804	-0.00161082
1.805	-0.00121575
1.806	-0.000847047
1.807	-0.000511597
1.808	-0.000222483
1.809	1.7421E-005
1.81	0.000196315
1.811	0.000311605
1.812	0.00036101
1.813	0.00033838
1.814	0.000251001
1.815	0.000101267
1.816	-0.000110608
1.817	-0.000376599
1.818	-0.00069061
1.819	-0.00104506
1.82	-0.0014288
1.821	-0.00183285
1.822	-0.00224025
1.823	-0.00264898
1.824	-0.00304401
1.825	-0.00341702
1.826	-0.00375125
1.827	-0.00404297
1.828	-0.00428314
1.829	-0.00446586
1.83	-0.00458078
1.831	-0.00462891
1.832	-0.00461196
1.833	-0.00452924
1.834	-0.00438019
1.835	-0.00417154
1.836	-0.00390989
1.837	-0.00360536
1.838	-0.00325902
1.839	-0.0028797
1.84	-0.0024815
1.841	-0.00206859
1.842	-0.00165861
1.843	-0.00126062
1.844	-0.000884658
1.845	-0.000540467
1.846	-0.000239061
1.847	1.35976E-005
1.848	0.000208051
1.849	0.000342709
1.85	0.000411253
1.851	0.000406842
1.852	0.000336125
1.853	0.000200595
1.854	1.9034E-006
1.855	-0.000253892
1.856	-0.000555166
1.857	-0.000898002
1.858	-0.00127429
1.859	-0.00167004
1.86	-0.00207849
1.861	-0.00248789
1.862	-0.00288429
1.863	-0.00325213
1.864	-0.00359374
1.865	-0.00389303
1.866	-0.00414555
1.867	-0.00434082
1.868	-0.00447666
1.869	-0.00454548
1.87	-0.00455154
1.871	-0.00449267
1.872	-0.00436786
1.873	-0.00418391
1.874	-0.00394088
1.875	-0.00364663
1.876	-0.00330699
1.877	-0.00293282
1.878	-0.00253867
1.879	-0.00213558
1.88	-0.0017327
1.881	-0.00134065
1.882	-0.000969659
1.883	-0.000627247
1.884	-0.000323267
1.885	-6.54341E-005
1.886	0.000137589
1.887	0.000277408
1.888	0.000355354
1.889	0.000364
1.89	0.000301815
1.891	0.000171146
1.892	-1.56785E-005
1.893	-0.000254151
1.894	-0.000540771
1.895	-0.000864028
1.896	-0.00121879
1.897	-0.00159675
1.898	-0.00199152
1.899	-0.00238311
1.9	-0.00276681
1.901	-0.00313184
1.902	-0.00346745
1.903	-0.00376346
1.904	-0.00400924
1.905	-0.00419736
1.906	-0.00432845
1.907	-0.00439497
1.908	-0.00440095
1.909	-0.00435145
1.91	-0.00424217
1.911	-0.00407596
1.912	-0.00385931
1.913	-0.00359757
1.914	-0.00328977
1.915	-0.00295184
1.916	-0.00259233
1.917	-0.00221484
1.918	-0.00183413
1.919	-0.00146195
1.92	-0.00111219
1.921	-0.000787223
1.922	-0.00049568
1.923	-0.000250485
1.924	-5.3242E-005
1.925	8.98812E-005
1.926	0.000171769
1.927	0.00019019
1.928	0.000148443
1.929	5.15759E-005
1.93	-9.8137E-005
1.931	-0.000294486
1.932	-0.000536474
1.933	-0.000819969
1.934	-0.00113904
1.935	-0.001478
1.936	-0.00182695
1.937	-0.0021785
1.938	-0.0025223
1.939	-0.0028523
1.94	-0.0031647
1.941	-0.00344857
1.942	-0.00369002
1.943	-0.00388353
1.944	-0.00402886
1.945	-0.00412145
1.946	-0.00415875
1.947	-0.00414419
1.948	-0.00408011
1.949	-0.00395897
1.95	-0.00378357
1.951	-0.00355587
1.952	-0.00329149
1.953	-0.00299549
1.954	-0.00268134
1.955	-0.00235733
1.956	-0.00202194
1.957	-0.00168739
1.958	-0.00136312
1.959	-0.00105751
1.96	-0.000781385
1.961	-0.000541771
1.962	-0.000348987
1.963	-0.000198375
1.964	-9.63166E-005
1.965	-4.74953E-005
1.966	-4.62341E-005
1.967	-9.63647E-005
1.968	-0.000192373
1.969	-0.000336447
1.97	-0.000520846
1.971	-0.000748345
1.972	-0.0010154
1.973	-0.00131068
1.974	-0.00162251
1.975	-0.00194245
1.976	-0.00226756
1.977	-0.00258288
1.978	-0.00287996
1.979	-0.0031498
1.98	-0.00339084
1.981	-0.00359014
1.982	-0.00374939
1.983	-0.00386708
1.984	-0.00393619
1.985	-0.00395714
1.986	-0.00393263
1.987	-0.00386651
1.988	-0.00375353
1.989	-0.00359727
1.99	-0.00339724
1.991	-0.00315875
1.992	-0.00288931
1.993	-0.00259851
1.994	-0.00229874
1.995	-0.00199451
1.996	-0.00169582
1.997	-0.00140982
1.998	-0.00113969
1.999	-0.000895077
2	-0.000686683
